AnalysisFolder/EnvironmentalData/Present/savg.asc
NCOLS 360 
NROWS 90 
XLLCORNER -180 
YLLCORNER 0 
CELLSIZE 1 
NODATA_value -3.4e+38 
[rows 0 to 22 of 90, columns 52 to 103 of 360]
32.7122688293457 32.713493347168 32.7147216796875 32.7159423828125 32.7171669006348 32.7183876037598 32.719612121582 32.7208290100098 32.7220497131348 32.7232704162598 32.7244873046875 32.7257041931152 32.7269172668457 32.7281341552734 32.7293472290039 32.7305603027344 32.7317733764648 32.732982635498 32.7341957092285 32.7354049682617 32.7366142272949 32.7378196716309 32.7390289306641 32.740234375 32.7414398193359 32.7426414489746 32.7438468933105 32.7450485229492 32.7462501525879 32.7474517822266 32.748649597168 32.7498474121094 32.7510452270508 32.7522430419922 32.7534942626953 32.7547798156738 32.7560501098633 32.7573089599609 32.7580337524414 32.7585334777832 32.759033203125 32.7595329284668 32.7600364685059 32.7605361938477 32.7610397338867 32.7615394592285 32.7620429992676 32.7625465393066 32.7630500793457 32.7635498046875 32.7640533447266 32.7645606994629
32.7124176025391 32.7156867980957 32.7189636230469 32.7222442626953 32.725528717041 32.728816986084 32.7321090698242 32.735408782959 32.738712310791 32.7420196533203 32.7453308105469 32.748649597168 32.7519683837891 32.755298614502 32.7585258483887 32.7616996765137 32.7648429870605 32.7679557800293 32.7710380554199 32.7740936279297 32.7771186828613 32.7801132202148 32.7830810546875 32.7860221862793 32.788932800293 32.7918128967285 32.7946701049805 32.7974967956543 32.8002967834473 32.8030586242676 32.8057289123535 32.8083648681641 32.8109741210938 32.8135528564453 32.816104888916 32.8186264038086 32.8211212158203 32.8235855102539 32.8260231018066 32.8285636901855 32.8310928344727 32.8336029052734 32.8359909057617 32.8382339477539 32.8404655456543 32.8426780700684 32.8448791503906 32.8470611572266 32.8492317199707 32.8513870239258 32.8534088134766 32.855281829834
32.7210350036621 32.7261962890625 32.7313690185547 32.7365570068359 32.741756439209 32.7469711303711 32.7522010803223 32.7574462890625 32.7627067565918 32.7679786682129 32.773265838623 32.7784118652344 32.7832641601562 32.7880973815918 32.7929039001465 32.7976913452148 32.8024559020996 32.8071975708008 32.8119163513184 32.8166122436523 32.8212852478027 32.8259353637695 32.83056640625 32.8351707458496 32.8397560119629 32.8442077636719 32.8484878540039 32.8527336120605 32.8569259643555 32.8610305786133 32.8651008605957 32.8691291809082 32.873119354248 32.877067565918 32.8809776306152 32.8848495483398 32.8886833190918 32.8924331665039 32.8961067199707 32.8997383117676 32.9032936096191 32.90673828125 32.9101600646973 32.9135475158691 32.9167785644531 32.9199867248535 32.9231719970703 32.9263343811035 32.9294738769531 32.9324493408203 32.9353942871094 32.9383201599121
32.7358016967773 32.7433853149414 32.7502098083496 32.7570571899414 32.7639236450195 32.7708168029785 32.7777328491211 32.7846717834473 32.791633605957 32.7986221313477 32.8056373596191 32.8125495910645 32.8188285827637 32.8250961303711 32.8313598632812 32.8376197814941 32.8438682556152 32.8501129150391 32.8563461303711 32.8625755310059 32.8687973022461 32.8747787475586 32.880313873291 32.8858184814453 32.891300201416 32.8967552185059 32.9021797180176 32.9075775146484 32.9129486083984 32.918285369873 32.9235725402832 32.9286346435547 32.9332962036133 32.937931060791 32.9425315856934 32.9471054077148 32.9516410827637 32.9561004638672 32.9605255126953 32.9649200439453 32.9692802429199 32.9736099243164 32.9775619506836 32.9812889099121 32.9850082397461 32.988712310791 32.9923629760742 32.9959487915039 32.9995269775391 33.0030937194824 33.0065803527832 33.0100212097168
32.753044128418 32.7620582580566 32.771125793457 32.7802543640137 32.7894477844238 32.7979164123535 32.8061676025391 32.814453125 32.8227691650391 32.831111907959 32.8394927978516 32.8479042053223 32.8563232421875 32.86376953125 32.8712196350098 32.8786773681641 32.8861427307129 32.8936157226562 32.9010963439941 32.9085845947266 32.9156494140625 32.922119140625 32.9285774230957 32.9350242614746 32.9414596557617 32.947883605957 32.9542961120605 32.960693359375 32.966251373291 32.9716148376465 32.9769668579102 32.9823112487793 32.9876136779785 32.9928970336914 32.9981689453125 33.0033798217773 33.0076522827148 33.0119323730469 33.0161895751953 33.0204277038574 33.0246696472168 33.0289154052734 33.0331687927246 33.0373725891113 33.0408210754395 33.044189453125 33.0475730895996 33.0509414672852 33.0543479919434 33.0577697753906 33.061164855957 33.0645942687988
32.7697868347168 32.7805824279785 32.790699005127 32.8008728027344 32.8111190795898 32.8214149475098 32.8317680358887 32.8421745300293 32.851692199707 32.8609924316406 32.8703269958496 32.8796882629395 32.8890838623047 32.898509979248 32.9074363708496 32.9156875610352 32.9239540100098 32.9322319030762 32.9405212402344 32.9488220214844 32.9568557739258 32.9638748168945 32.9708938598633 32.9779090881348 32.9849281311035 32.9919471740723 32.9988899230957 33.004524230957 33.0101623535156 33.0158004760742 33.0214424133301 33.0270843505859 33.0327301025391 33.0372161865234 33.0415458679199 33.0458946228027 33.0502166748047 33.054557800293 33.0589141845703 33.0625534057617 33.0656890869141 33.0688438415527 33.0720291137695 33.0752716064453 33.0785636901855 33.0818519592285 33.0840377807617 33.0863075256348 33.0886459350586 33.0910720825195 33.0935974121094 33.0962066650391
32.780590057373 32.7925910949707 32.8046646118164 32.8168144226074 32.8290405273438 32.8405914306641 32.8516120910645 32.8626861572266 32.8738136291504 32.8849754333496 32.8961791992188 32.9060325622559 32.9158973693848 32.9257888793945 32.9357109069824 32.9456214904785 32.9546813964844 32.9631576538086 32.9716339111328 32.9801139831543 32.988597869873 32.9965972900391 33.0035514831543 33.010498046875 33.0174407958984 33.0243759155273 33.0310821533203 33.0363883972168 33.0416946411133 33.047004699707 33.0523109436035 33.0576248168945 33.0615348815918 33.0653991699219 33.0692863464355 33.0731964111328 33.0771293640137 33.0800628662109 33.0827560424805 33.085506439209 33.0883026123047 33.0911064147949 33.0933723449707 33.0951652526855 33.0970268249512 33.0988998413086 33.1008224487305 33.102725982666 33.1039161682129 33.1051330566406 33.1064376831055 33.1079635620117
32.7841911315918 32.7979888916016 32.8118667602539 32.8256072998047 32.838207244873 32.8508720397949 32.8635444641113 32.8762626647949 32.8888626098633 32.9002113342285 32.9115142822266 32.9228477478027 32.9342231750488 32.9451789855957 32.9549407958984 32.9646835327148 32.9744300842285 32.9841766357422 32.9928970336914 33.0008125305176 33.0086860656738 33.0165367126465 33.0243644714355 33.030647277832 33.0369033813477 33.043140411377 33.04931640625 33.0546989440918 33.059268951416 33.0638275146484 33.0683708190918 33.0728454589844 33.0758590698242 33.0788726806641 33.0818901062012 33.0849075317383 33.0871734619141 33.0889663696289 33.0907821655273 33.0926132202148 -3.4e+38 25.5293827056885 21.8748188018799 20.8496532440186 22.5382232666016 -3.4e+38 -3.4e+38 -3.4e+38 -3.4e+38 -3.4e+38 -3.4e+38 -3.4e+38
32.7766914367676 32.7919807434082 32.8073272705078 32.8212585449219 32.8351974487305 32.8491172790527 32.8630447387695 32.8765602111816 32.8890266418457 32.9014701843262 32.9139976501465 32.9265060424805 32.9374771118164 32.9483451843262 32.9592475891113 32.969970703125 32.9795761108398 32.9884796142578 32.9973182678223 33.0060386657715 33.0140419006348 33.0211524963379 33.0282249450684 33.0351638793945 33.0415191650391 33.0469131469727 33.0523071289062 33.0576858520508 33.0624504089355 33.0663948059082 33.0703506469727 33.0743293762207 33.0777435302734 33.0805015563965 33.0832748413086 33.0860710144043 -3.4e+38 -3.4e+38 -3.4e+38 -3.4e+38 -3.4e+38 -3.4e+38 -3.4e+38 -3.4e+38 -3.4e+38 -3.4e+38 -3.4e+38 -3.4e+38 -3.4e+38 -3.4e+38 -3.4e+38 -3.4e+38
32.7502365112305 32.7664833068848 32.7826347351074 32.7973136901855 32.8120536804199 32.8269195556641 32.8416519165039 32.8550224304199 32.8681831359863 32.8813858032227 32.8947410583496 32.9065170288086 32.918083190918 32.9295997619629 32.9409332275391 32.9509086608887 32.9604301452637 32.9698715209961 32.9794464111328 32.9874687194824 32.9954986572266 33.0037612915039 33.0117721557617 33.0185699462891 33.0256423950195 33.0330047607422 33.0392150878906 33.0443000793457 33.0493316650391 33.054328918457 -3.4e+38 -3.4e+38 -3.4e+38 -3.4e+38 -3.4e+38 -3.4e+38 -3.4e+38 -3.4e+38 -3.4e+38 -3.4e+38 -3.4e+38 -3.4e+38 -3.4e+38 -3.4e+38 -3.4e+38 -3.4e+38 -3.4e+38 -3.4e+38 -3.4e+38 -3.4e+38 -3.4e+38 -3.4e+38
32.6955680847168 32.7126350402832 32.7296943664551 32.7448921203613 32.7602767944336 32.7756576538086 32.7912902832031 32.8047637939453 32.8185729980469 32.8321151733398 32.8456039428711 32.8572540283203 32.8690147399902 32.8808937072754 32.8916931152344 32.9011306762695 32.9097480773926 32.9179458618164 32.9252433776855 32.9323883056641 32.939769744873 32.947078704834 32.9579544067383 32.9708633422852 32.9867134094238 33.0002593994141 33.0152168273926 33.0321922302246 33.044490814209 33.0519828796387 33.0586738586426 -3.4e+38 -3.4e+38 -3.4e+38 -3.4e+38 -3.4e+38 -3.4e+38 -3.4e+38 -3.4e+38 -3.4e+38 -3.4e+38 -3.4e+38 -3.4e+38 -3.4e+38 -3.4e+38 -3.4e+38 -3.4e+38 -3.4e+38 -3.4e+38 -3.4e+38 -3.4e+38 -3.4e+38
32.6013717651367 32.6186332702637 32.6363868713379 32.652904510498 32.6687431335449 32.6852531433105 32.7022438049316 32.7170677185059 32.7313423156738 32.7461547851562 32.7607727050781 32.7726516723633 32.7842674255371 32.795337677002 30.9988059997559 20.7881546020508 -3.4e+38 -3.4e+38 -3.4e+38 -3.4e+38 32.7595024108887 32.7705383300781 -3.4e+38 -3.4e+38 -3.4e+38 -3.4e+38 -3.4e+38 -3.4e+38 -3.4e+38 -3.4e+38 -3.4e+38 -3.4e+38 -3.4e+38 -3.4e+38 -3.4e+38 -3.4e+38 -3.4e+38 -3.4e+38 -3.4e+38 -3.4e+38 -3.4e+38 -3.4e+38 -3.4e+38 -3.4e+38 -3.4e+38 -3.4e+38 -3.4e+38 -3.4e+38 -3.4e+38 -3.4e+38 -3.4e+38 -3.4e+38
32.4487991333008 32.4647789001465 32.4826278686523 32.501407623291 32.517951965332 32.5357093811035 32.5558319091797 32.5764770507812 32.5973091125488 32.620288848877 -3.4e+38 -3.4e+38 -3.4e+38 -3.4e+38 -3.4e+38 -3.4e+38 -3.4e+38 -3.4e+38 -3.4e+38 32.5400428771973 32.5491027832031 32.547534942627 32.5447692871094 32.5421867370605 32.5323448181152 32.5227088928223 32.5122985839844 32.498477935791 32.4865875244141 32.4774627685547 21.7560081481934 20.7335453033447 -3.4e+38 32.4664154052734 32.4691047668457 32.4717903137207 32.4743423461914 21.935567855835 -3.4e+38 -3.4e+38 -3.4e+38 -3.4e+38 -3.4e+38 -3.4e+38 -3.4e+38 -3.4e+38 -3.4e+38 -3.4e+38 -3.4e+38 -3.4e+38 -3.4e+38 32.9803466796875
32.2040367126465 32.2143974304199 32.2251205444336 32.2450065612793 32.2790946960449 -3.4e+38 -3.4e+38 -3.4e+38 -3.4e+38 -3.4e+38 -3.4e+38 -3.4e+38 12.3281288146973 -3.4e+38 32.430347442627 32.4347267150879 32.4399147033691 16.8987865447998 -3.4e+38 -3.4e+38 -3.4e+38 32.4850845336914 32.4885292053223 32.4916954040527 19.7151508331299 -3.4e+38 -3.4e+38 -3.4e+38 -3.4e+38 -3.4e+38 -3.4e+38 -3.4e+38 -3.4e+38 -3.4e+38 -3.4e+38 -3.4e+38 -3.4e+38 -3.4e+38 -3.4e+38 -3.4e+38 -3.4e+38 -3.4e+38 -3.4e+38 -3.4e+38 -3.4e+38 -3.4e+38 -3.4e+38 -3.4e+38 -3.4e+38 -3.4e+38 -3.4e+38 32.4516639709473
31.8678150177002 31.858268737793 31.841194152832 31.8193531036377 31.7945709228516 -3.4e+38 31.7178592681885 31.6845855712891 31.6611747741699 29.8923091888428 16.9826755523682 -3.4e+38 -3.4e+38 -3.4e+38 -3.4e+38 -3.4e+38 -3.4e+38 -3.4e+38 -3.4e+38 -3.4e+38 -3.4e+38 -3.4e+38 -3.4e+38 4.15768575668335 -3.4e+38 -3.4e+38 -3.4e+38 -3.4e+38 -3.4e+38 -3.4e+38 -3.4e+38 1.68814325332642 -3.4e+38 -3.4e+38 -3.4e+38 -3.4e+38 -3.4e+38 -3.4e+38 -3.4e+38 -3.4e+38 -3.4e+38 -3.4e+38 -3.4e+38 -3.4e+38 -3.4e+38 -3.4e+38 -3.4e+38 -3.4e+38 -3.4e+38 -3.4e+38 32.2347068786621 32.3116912841797
31.4922122955322 31.4945812225342 31.5149993896484 16.9835166931152 -3.4e+38 -3.4e+38 -3.4e+38 8.60349655151367 18.2330780029297 -3.4e+38 31.541862487793 31.5240497589111 31.5057601928711 -3.4e+38 -3.4e+38 -3.4e+38 -3.4e+38 -3.4e+38 31.2588214874268 31.2098236083984 31.149585723877 31.066478729248 30.9783153533936 30.9045352935791 30.8300457000732 30.789249420166 30.7659454345703 30.7693138122559 30.7531719207764 30.7595500946045 30.7793273925781 30.7966232299805 30.8130054473877 30.8297920227051 30.8434944152832 21.9872493743896 1.71487629413605 -3.4e+38 -3.4e+38 -3.4e+38 -3.4e+38 -3.4e+38 -3.4e+38 -3.4e+38 -3.4e+38 -3.4e+38 -3.4e+38 -3.4e+38 31.9808940887451 32.1027297973633 32.1755294799805 32.2679290771484
31.1454067230225 31.1510372161865 31.1716232299805 -3.4e+38 -3.4e+38 -3.4e+38 -3.4e+38 -3.4e+38 -3.4e+38 -3.4e+38 -3.4e+38 -3.4e+38 -3.4e+38 -3.4e+38 31.3649826049805 31.3416595458984 31.3195648193359 31.2940845489502 31.2661628723145 31.2433929443359 20.8793849945068 -3.4e+38 -3.4e+38 -3.4e+38 30.0455341339111 30.093053817749 23.33469581604 -3.4e+38 -3.4e+38 -3.4e+38 -3.4e+38 -3.4e+38 -3.4e+38 -3.4e+38 -3.4e+38 -3.4e+38 -3.4e+38 -3.4e+38 30.2549381256104 22.3220653533936 -3.4e+38 -3.4e+38 -3.4e+38 3.91068315505981 -3.4e+38 -3.4e+38 -3.4e+38 -3.4e+38 -3.4e+38 -3.4e+38 -3.4e+38 -3.4e+38
30.8567848205566 30.8819770812988 -3.4e+38 -3.4e+38 -3.4e+38 -3.4e+38 -3.4e+38 -3.4e+38 -3.4e+38 -3.4e+38 -3.4e+38 -3.4e+38 -3.4e+38 -3.4e+38 -3.4e+38 -3.4e+38 -3.4e+38 -3.4e+38 -3.4e+38 -3.4e+38 -3.4e+38 -3.4e+38 -3.4e+38 -3.4e+38 26.2310028076172 -3.4e+38 -3.4e+38 -3.4e+38 -3.4e+38 -3.4e+38 -3.4e+38 -3.4e+38 -3.4e+38 -3.4e+38 -3.4e+38 -3.4e+38 29.9648838043213 -3.4e+38 -3.4e+38 -3.4e+38 -3.4e+38 -3.4e+38 -3.4e+38 -3.4e+38 -3.4e+38 -3.4e+38 -3.4e+38 -3.4e+38 -3.4e+38 -3.4e+38 -3.4e+38 -3.4e+38
30.6298751831055 30.6809196472168 30.7112884521484 -3.4e+38 -3.4e+38 -3.4e+38 -3.4e+38 -3.4e+38 -3.4e+38 -3.4e+38 -3.4e+38 -3.4e+38 -3.4e+38 -3.4e+38 -3.4e+38 -3.4e+38 -3.4e+38 -3.4e+38 -3.4e+38 -3.4e+38 -3.4e+38 -3.4e+38 -3.4e+38 -3.4e+38 -3.4e+38 28.5991401672363 28.5538902282715 28.507791519165 -3.4e+38 -3.4e+38 -3.4e+38 -3.4e+38 -3.4e+38 -3.4e+38 -3.4e+38 29.749906539917 29.7290897369385 29.7199687957764 -3.4e+38 -3.4e+38 -3.4e+38 -3.4e+38 -3.4e+38 -3.4e+38 -3.4e+38 -3.4e+38 -3.4e+38 -3.4e+38 -3.4e+38 -3.4e+38 -3.4e+38 -3.4e+38
16.2004776000977 22.8941040039062 30.6077117919922 30.6220817565918 30.6358432769775 30.6427745819092 30.6449317932129 30.6415195465088 30.6369132995605 30.4329929351807 20.4453659057617 9.77483558654785 0.0668181851506233 -3.4e+38 -3.4e+38 -3.4e+38 -3.4e+38 -3.4e+38 -3.4e+38 -3.4e+38 -3.4e+38 -3.4e+38 -3.4e+38 -3.4e+38 -3.4e+38 -3.4e+38 -3.4e+38 28.0382652282715 27.9735069274902 27.9868640899658 28.0111122131348 -3.4e+38 -3.4e+38 -3.4e+38 -3.4e+38 -3.4e+38 -3.4e+38 29.5129127502441 29.495569229126 -3.4e+38 -3.4e+38 -3.4e+38 -3.4e+38 -3.4e+38 -3.4e+38 -3.4e+38 -3.4e+38 -3.4e+38 -3.4e+38 -3.4e+38 -3.4e+38 -3.4e+38
-3.4e+38 -3.4e+38 -3.4e+38 -3.4e+38 -3.4e+38 -3.4e+38 -3.4e+38 -3.4e+38 30.6085681915283 30.6035385131836 30.6022243499756 -3.4e+38 -3.4e+38 -3.4e+38 -3.4e+38 -3.4e+38 -3.4e+38 -3.4e+38 -3.4e+38 -3.4e+38 -3.4e+38 -3.4e+38 -3.4e+38 -3.4e+38 -3.4e+38 -3.4e+38 -3.4e+38 27.0229091644287 26.4702033996582 -3.4e+38 -3.4e+38 -3.4e+38 -3.4e+38 -3.4e+38 -3.4e+38 -3.4e+38 -3.4e+38 -3.4e+38 29.3871269226074 29.3724822998047 29.3659782409668 29.3583641052246 -3.4e+38 -3.4e+38 -3.4e+38 -3.4e+38 2.16471743583679 25.0742130279541 -3.4e+38 25.0657825469971 -3.4e+38 -3.4e+38
-3.4e+38 -3.4e+38 -3.4e+38 -3.4e+38 -3.4e+38 -3.4e+38 -3.4e+38 -3.4e+38 -3.4e+38 -3.4e+38 -3.4e+38 -3.4e+38 -3.4e+38 -3.4e+38 -3.4e+38 -3.4e+38 -3.4e+38 -3.4e+38 -3.4e+38 -3.4e+38 -3.4e+38 -3.4e+38 -3.4e+38 -3.4e+38 -3.4e+38 26.6012344360352 26.6038379669189 26.6059188842773 26.6191520690918 11.0175504684448 -3.4e+38 -3.4e+38 -3.4e+38 -3.4e+38 -3.4e+38 -3.4e+38 -3.4e+38 -3.4e+38 -3.4e+38 -3.4e+38 29.2415866851807 23.9247741699219 -3.4e+38 -3.4e+38 -3.4e+38 -3.4e+38 -3.4e+38 25.0850162506104 25.084228515625 25.0719051361084 25.0554370880127 7.19135665893555
-3.4e+38 -3.4e+38 -3.4e+38 -3.4e+38 -3.4e+38 -3.4e+38 -3.4e+38 -3.4e+38 -3.4e+38 -3.4e+38 -3.4e+38 -3.4e+38 -3.4e+38 -3.4e+38 -3.4e+38 -3.4e+38 -3.4e+38 -3.4e+38 -3.4e+38 -3.4e+38 -3.4e+38 -3.4e+38 -3.4e+38 -3.4e+38 -3.4e+38 -3.4e+38 -3.4e+38 -3.4e+38 -3.4e+38 -3.4e+38 -3.4e+38 -3.4e+38 -3.4e+38 -3.4e+38 -3.4e+38 -3.4e+38 -3.4e+38 -3.4e+38 -3.4e+38 -3.4e+38 -3.4e+38 -3.4e+38 -3.4e+38 -3.4e+38 -3.4e+38 -3.4e+38 -3.4e+38 25.1324996948242 25.0880718231201 25.0200099945068 -3.4e+38 -3.4e+38
