AnalysisFolder/EnvironmentalData/Present/savg.asc
NCOLS 360 
NROWS 90 
XLLCORNER -180 
YLLCORNER 0 
CELLSIZE 1 
NODATA_value -3.4e+38 
[rows 46 to 68 of 90, columns 104 to 155 of 360]
-3.4e+38 -3.4e+38 -3.4e+38 -3.4e+38 -3.4e+38 -3.4e+38 -3.4e+38 35.930549621582 35.9465179443359 -3.4e+38 -3.4e+38 35.9290390014648 35.8490333557129 35.7860221862793 35.6731414794922 35.5524291992188 35.4927215576172 35.4745826721191 35.4484672546387 35.3949203491211 35.3159408569336 35.2229881286621 35.1281204223633 35.0282707214355 34.9487342834473 34.8663368225098 34.8037414550781 34.9437599182129 35.194263458252 35.3690223693848 35.4192962646484 35.4181213378906 35.4359283447266 35.4921798706055 35.5560417175293 35.6011428833008 35.622802734375 35.6404838562012 35.6649169921875 35.6925964355469 35.7278137207031 35.7815437316895 35.853832244873 35.9274215698242 35.981990814209 36.0107040405273 36.0194206237793 36.0177612304688 36.0143623352051 36.0122184753418 36.0126571655273 36.0159530639648
-3.4e+38 -3.4e+38 -3.4e+38 -3.4e+38 -3.4e+38 -3.4e+38 35.9857521057129 36.004150390625 36.0313262939453 36.0617904663086 36.0914001464844 36.1155624389648 36.129222869873 36.1182899475098 36.0880165100098 36.0480537414551 36.0069961547852 35.9666366577148 35.9233627319336 35.8731079101562 35.8143081665039 35.7486228942871 35.6807861328125 35.6150398254395 35.5430908203125 35.4568138122559 35.432186126709 35.5365333557129 35.6655731201172 35.7341423034668 35.7351837158203 35.7119903564453 35.7047348022461 35.7185668945312 35.7384452819824 35.7583656311035 35.7744407653809 35.7901344299316 35.8089370727539 35.8294105529785 35.8580055236816 35.9039726257324 35.9628753662109 36.017650604248 36.0539016723633 36.0701560974121 36.0732612609863 36.0704689025879 36.0663261413574 36.0648956298828 36.0688171386719 36.0755653381348
-3.4e+38 -3.4e+38 -3.4e+38 -3.4e+38 -3.4e+38 -3.4e+38 36.0919380187988 36.1138572692871 36.1417999267578 36.170223236084 36.1949577331543 36.210807800293 36.2145614624023 36.2085456848145 36.1953163146973 36.1797981262207 36.1650314331055 36.1507225036621 36.1335487365723 36.112922668457 36.0881118774414 36.059211730957 36.027099609375 35.9937286376953 35.9591827392578 35.9238166809082 35.9128608703613 35.9234352111816 35.9302711486816 35.9184913635254 35.8932418823242 35.8729248046875 35.8691253662109 35.8756980895996 35.8844566345215 35.8963813781738 35.908935546875 35.9196701049805 35.9316520690918 35.9476432800293 35.9743614196777 36.0149192810059 36.0605354309082 36.0970649719238 36.1170043945312 36.1230926513672 36.1221504211426 36.1188087463379 36.1151123046875 36.1153373718262 36.1215782165527 36.1303062438965
-3.4e+38 -3.4e+38 -3.4e+38 -3.4e+38 36.1579971313477 36.1715621948242 36.1830902099609 36.2006149291992 36.221263885498 36.2378997802734 36.2472305297852 36.2496643066406 36.2469024658203 36.2399940490723 36.230598449707 36.221321105957 36.212718963623 36.2040710449219 36.1945686340332 36.1837463378906 36.1714935302734 36.1578330993652 36.1427040100098 36.125919342041 36.107479095459 36.0880470275879 36.0704536437988 36.0536727905273 36.0342559814453 36.0117034912109 35.9917678833008 35.9816627502441 35.9831314086914 35.991081237793 35.9997711181641 36.0082969665527 36.0174865722656 36.0268020629883 36.0382995605469 36.0553665161133 36.0814628601074 36.1141777038574 36.1450614929199 36.1656150817871 36.1734046936035 36.1727180480957 36.1696929931641 36.1668395996094 36.1649284362793 36.1665229797363 36.1731872558594 36.1824264526367
-3.4e+38 -3.4e+38 36.1669692993164 36.2148361206055 36.2434005737305 36.2566261291504 36.2634124755859 36.2673034667969 36.2694931030273 36.2702484130859 36.2694473266602 36.2664947509766 36.2609443664551 36.253231048584 36.2448043823242 36.2366714477539 36.2286491394043 36.2203254699707 36.2115325927734 36.2022895812988 36.1926116943359 36.1823921203613 36.1714553833008 36.1596145629883 36.146900177002 36.1338424682617 36.1208381652832 36.107536315918 36.0938758850098 36.0812835693359 36.0726089477539 36.0697784423828 36.0732192993164 36.0814895629883 36.0904579162598 36.0974311828613 36.1057548522949 36.1169624328613 36.1310539245605 36.1493644714355 36.1722259521484 36.1958541870117 36.2143783569336 36.2239990234375 36.225528717041 36.2232093811035 36.2207336425781 36.218807220459 36.2180557250977 36.2201614379883 36.2259902954102 36.2343368530273
-3.4e+38 36.2289428710938 36.2330513000488 36.2396202087402 36.2505950927734 36.2621192932129 36.2702293395996 36.2749862670898 36.2768478393555 36.2760925292969 36.2729606628418 36.2678756713867 36.2614364624023 36.2543716430664 36.247257232666 36.2402305603027 36.2331161499023 36.2258148193359 36.2183990478516 36.2110443115234 36.2037467956543 36.1964149475098 36.1889801025391 36.1815147399902 36.174186706543 36.1672172546387 36.1608200073242 36.1548957824707 36.1493797302246 36.1450004577637 36.1431999206543 36.1446304321289 36.1491851806641 36.156436920166 36.1651649475098 36.1739959716797 36.184497833252 36.1977005004883 36.2128868103027 36.2299613952637 36.2478675842285 36.2635345458984 36.2739486694336 36.2783546447754 36.2787170410156 36.2780647277832 36.2777824401855 36.277229309082 36.2775802612305 36.2801628112793 36.2843399047852 36.2896728515625
-3.4e+38 36.2177734375 36.2252349853516 36.2374877929688 36.2528228759766 36.2640609741211 36.2712821960449 36.274242401123 36.2737312316895 36.2709846496582 36.2669868469238 36.2624053955078 36.2576103210449 36.2526702880859 36.2475700378418 36.242359161377 36.2371444702148 36.2319984436035 36.22705078125 36.2224159240723 36.2180099487305 36.2137451171875 36.2097511291504 36.2063102722168 36.2035064697266 36.2014541625977 36.2004470825195 36.2002983093262 36.2008399963379 36.2024230957031 36.2056121826172 36.2106285095215 36.2174415588379 36.2259941101074 36.2361259460449 36.2475509643555 36.2604179382324 36.274528503418 36.2890892028809 36.3033752441406 36.3162307739258 36.3261604309082 36.3325004577637 36.3360023498535 36.3381805419922 36.3402290344238 36.3421630859375 36.3436546325684 36.3458137512207 36.3493537902832 36.3521118164062 36.3545303344727
-3.4e+38 36.2027473449707 36.2176094055176 36.2373390197754 36.2523574829102 36.2619514465332 36.265682220459 36.2663726806641 36.2653961181641 36.2636489868164 36.2616539001465 36.259635925293 36.2574768066406 36.2549514770508 36.252067565918 36.2490158081055 36.2460060119629 36.2432518005371 36.240894317627 36.2390365600586 36.2375793457031 36.2364387512207 36.2357902526855 36.2359886169434 36.2371940612793 36.2394371032715 36.242919921875 36.2474670410156 36.2529067993164 36.2593383789062 36.2669258117676 36.2757301330566 36.2857856750488 36.2971076965332 36.3095550537109 36.32275390625 36.33642578125 36.3501434326172 36.3631172180176 36.3746109008789 36.3840942382812 36.3914756774902 36.397289276123 36.4022750854492 36.4068031311035 36.4109077453613 36.4144096374512 36.4176940917969 36.4216842651367 36.4260559082031 36.4297676086426 36.4327430725098
-3.4e+38 36.192626953125 36.2135124206543 36.2334060668945 36.2476081848145 36.2548522949219 36.256462097168 36.2577590942383 36.2590827941895 36.2602233886719 36.261157989502 36.2618713378906 36.2622146606445 36.2620697021484 36.2615203857422 36.260814666748 36.2602043151855 36.2600059509277 36.2604370117188 36.2616004943848 36.2634429931641 36.2658615112305 36.2689933776855 36.2731895446777 36.2786445617676 36.2851905822754 36.2929611206055 36.3018836975098 36.3117027282715 36.3223419189453 36.3338165283203 36.346134185791 36.359245300293 36.372989654541 36.3870468139648 36.4009704589844 36.4144744873047 36.4272842407227 36.438663482666 36.4486389160156 36.4573936462402 36.4650955200195 36.4720840454102 36.4786376953125 36.4845886230469 36.4896202087402 36.4936141967773 36.4979972839355 36.5036239624023 36.5096969604492 36.5149307250977 36.518383026123
36.1645889282227 36.1865501403809 36.2099418640137 36.2280464172363 36.240665435791 36.2464866638184 36.249568939209 36.2530937194824 36.2568473815918 36.2605781555176 36.2642288208008 36.2677001953125 36.2708358764648 36.273551940918 36.2759437561035 36.2782211303711 36.280647277832 36.2836303710938 36.2874565124512 36.2922668457031 36.2979621887207 36.3044242858887 36.311824798584 36.3204460144043 36.3303375244141 36.3412208557129 36.3531494140625 36.3660583496094 36.3796768188477 36.3938446044922 36.4085006713867 36.4235801696777 36.4388999938965 36.4541549682617 36.468994140625 36.4830589294434 36.496208190918 36.5084037780762 36.5191230773926 36.5288734436035 36.5383644104004 36.5476303100586 36.5561752319336 36.5635528564453 36.5695686340332 36.5738525390625 36.5773696899414 36.5825004577637 36.5894050598145 36.5962028503418 36.6002922058105 36.6004371643066
36.1744918823242 36.1980628967285 36.2145957946777 36.2274169921875 36.2363510131836 36.2421798706055 36.2481880187988 36.2539978027344 36.2598915100098 36.266040802002 36.2724113464355 36.2788429260254 36.2851791381836 36.2913436889648 36.2973480224609 36.3033447265625 36.3096237182617 36.3166084289551 36.3245658874512 36.3336143493652 36.3436470031738 36.3545761108398 36.366512298584 36.3796081542969 36.393741607666 36.4086875915527 36.4243698120117 36.4405975341797 36.4572410583496 36.4741325378418 36.4911766052246 36.5082054138184 36.5249328613281 36.540958404541 36.5559120178223 36.569694519043 36.582405090332 36.594425201416 36.6057090759277 36.6163635253906 36.6270065307617 36.6371307373047 36.6456413269043 36.6521072387695 36.6570472717285 36.6605682373047 36.6635932922363 36.6680717468262 36.6742134094238 36.6792488098145 36.6805229187012 36.6782455444336
36.1823463439941 36.2056694030762 36.218318939209 36.2278137207031 36.236515045166 36.2465019226074 36.2556076049805 36.2635459899902 36.2718658447266 36.2807006835938 36.2899017333984 36.2994117736816 36.3092231750488 36.3192291259766 36.3292579650879 36.3394088745117 36.3500785827637 36.3616256713867 36.3741493225098 36.3877029418945 36.4022903442383 36.4178657531738 36.4344062805176 36.4517974853516 36.4697952270508 36.4881858825684 36.5068702697754 36.5256958007812 36.5445518493652 36.5633316040039 36.5818786621094 36.5999412536621 36.6171913146973 36.6332206726074 36.6477088928223 36.6608505249023 36.6736488342285 36.6861572265625 36.6979598999023 36.709098815918 36.7192993164062 36.7278747558594 36.7345314025879 36.7397308349609 36.744083404541 36.7476654052734 36.7506790161133 36.7532806396484 36.7564582824707 36.7589836120605 36.758918762207 36.7568206787109
36.204460144043 36.2166557312012 36.2246284484863 36.2352676391602 36.2490768432617 36.2639503479004 36.2759094238281 36.2868728637695 36.2982444763184 36.3098487854004 36.3218727111816 36.3344917297363 36.3477973937988 36.3616943359375 36.3759002685547 36.3905296325684 36.4059181213379 36.4222717285156 36.4394874572754 36.4576148986816 36.4767227172852 36.4966812133789 36.5172653198242 36.5381851196289 36.5591430664062 36.5799598693848 36.6005516052246 36.6208267211914 36.6407890319824 36.6603851318359 36.6793746948242 36.6974639892578 36.7143287658691 36.7296371459961 36.7433776855469 36.7564506530762 36.7694320678711 36.781665802002 36.7927322387695 36.8022193908691 36.8099555969238 36.8161697387695 36.8213157653809 36.8257522583008 36.8295211791992 36.8326187133789 36.8350028991699 36.8363838195801 36.8372802734375 36.8376388549805 36.8367233276367 36.8350830078125
36.2267379760742 36.2314720153809 36.2425231933594 36.2611656188965 36.2819519042969 36.2992897033691 36.3141136169434 36.328800201416 36.3434410095215 36.3581962585449 36.3734931945801 36.389575958252 36.4064750671387 36.4240837097168 36.4423446655273 36.4613914489746 36.4812889099121 36.5020637512207 36.5236282348633 36.5459098815918 36.5688667297363 36.5922508239746 36.6157302856445 36.6389427185059 36.6615562438965 36.683406829834 36.7045059204102 36.7248764038086 36.7447128295898 36.7639999389648 36.782398223877 36.7995719909668 36.8152770996094 36.8294448852539 36.8424034118652 36.8550796508789 36.867000579834 36.8774833679199 36.8860778808594 36.8926849365234 36.8980369567871 36.9026145935059 36.9065437316895 36.909839630127 36.9123992919922 36.9142074584961 36.9151306152344 36.9151878356934 36.9142723083496 36.912483215332 36.9099922180176 36.907413482666
36.2575531005859 36.2629280090332 36.2844886779785 36.312915802002 36.3372611999512 36.3565216064453 36.3748359680176 36.3930702209473 36.4108505249023 36.4289131164551 36.4476699829102 36.4672584533691 36.4877433776855 36.5091209411621 36.531379699707 36.5545845031738 36.5785751342773 36.6031112670898 36.6280517578125 36.6532592773438 36.6786003112793 36.7037963867188 36.7285079956055 36.7523460388184 36.7749786376953 36.7963562011719 36.8166313171387 36.8360252380371 36.8547630310059 36.8726844787598 36.8895111083984 36.9049835205078 36.9189262390137 36.9314270019531 36.9429206848145 36.9537200927734 36.9631881713867 36.9705200195312 36.9760208129883 36.9803352355957 36.9838981628418 36.9868392944336 36.989070892334 36.9904594421387 36.9909210205078 36.9904251098633 36.9887466430664 36.9860000610352 36.9819641113281 36.9767799377441 36.970832824707 36.964599609375
36.3105773925781 36.3253059387207 36.3553848266602 36.3884544372559 36.4146881103516 36.4368476867676 36.458683013916 36.4800415039062 36.5010147094727 36.5223808288574 36.5444297790527 36.5672912597656 36.5910835266113 36.6158409118652 36.6415481567383 36.668098449707 36.6951026916504 36.7222213745117 36.7492218017578 36.7759094238281 36.8021240234375 36.8275680541992 36.8519248962402 36.874870300293 36.8961791992188 36.9159507751465 36.9344902038574 36.9520835876465 36.9688529968262 36.9845390319824 36.9989356994629 37.0118370056152 37.0232543945312 37.0333099365234 37.0420951843262 37.0497055053711 37.0556259155273 37.0595321655273 37.062442779541 37.0645904541016 37.0658950805664 37.0663414001465 37.0658111572266 37.0640258789062 37.0608711242676 37.0563278198242 37.0500030517578 37.0421409606934 37.0326499938965 37.0215492248535 37.0090751647949 36.9955825805664
36.4069976806641 36.4385108947754 36.4605484008789 36.4848213195801 36.510570526123 36.5362701416016 36.5614585876465 36.5859451293945 36.6101913452148 36.6345520019531 36.659366607666 36.684928894043 36.7114601135254 36.7389793395996 36.7673454284668 36.7962226867676 36.8249969482422 36.8533058166504 36.8809242248535 36.9076614379883 36.9333305358887 36.9576530456543 36.9803695678711 37.0012855529785 37.0203475952148 37.0377731323242 37.0539817810059 37.0691909790039 37.0832595825195 37.0960464477539 37.107349395752 37.1169967651367 37.1250801086426 37.1317443847656 37.1369018554688 37.1405792236328 37.1425590515137 37.1432876586914 37.1432838439941 37.1422843933105 37.1401214599609 37.136661529541 37.1316337585449 37.1246719360352 37.1155967712402 37.1044235229492 37.0907707214355 37.0749778747559 37.056999206543 37.0367012023926 37.0142555236816 36.9899673461914
36.4975357055664 36.5645027160645 36.5814628601074 36.5934143066406 36.6178398132324 36.6469192504883 36.6754493713379 36.7031936645508 36.7304039001465 36.7570571899414 36.7837448120117 36.8111305236816 36.8395919799805 36.8690757751465 36.8991966247559 36.9293632507324 36.958911895752 36.9874649047852 37.0146675109863 37.0403480529785 37.064380645752 37.0865821838379 37.1068534851074 37.1251564025879 37.1415557861328 37.1563186645508 37.1698722839355 37.1822242736816 37.192943572998 37.2020950317383 37.2095565795898 37.215259552002 37.219310760498 37.2218132019043 37.222713470459 37.2220916748047 37.2201271057129 37.217041015625 37.2128067016602 37.2070808410645 37.199634552002 37.1902198791504 37.1784553527832 37.1639213562012 37.1463394165039 37.1256942749023 37.101936340332 37.0754928588867 37.0463027954102 37.014217376709 36.9793739318848 36.9419631958008
36.4672698974609 36.6010360717773 36.6645240783691 36.6959457397461 36.7267379760742 36.7595443725586 36.7910766601562 36.8213691711426 36.8505821228027 36.8781242370605 36.9052963256836 36.9333038330078 36.9626808166504 36.9932556152344 37.0243873596191 37.055248260498 37.0850486755371 37.1132507324219 37.1393508911133 37.1632919311523 37.185115814209 37.2048034667969 37.2224044799805 37.2379913330078 37.2516899108887 37.2637214660645 37.2743530273438 37.2832183837891 37.2901153564453 37.2951889038086 37.2983474731445 37.299617767334 37.299129486084 37.2969779968262 37.2931785583496 37.2878646850586 37.2812194824219 37.2728614807129 37.2626876831055 37.2504425048828 37.2358207702637 37.2184181213379 37.1978225708008 37.1736679077148 37.1457557678223 37.1141014099121 37.0789070129395 37.0407524108887 36.9995651245117 36.9552421569824 36.907772064209 36.8571014404297
36.4736022949219 36.6036224365234 36.6929359436035 36.7556648254395 36.80712890625 36.853157043457 36.8927192687988 36.9264488220215 36.9564361572266 36.9827499389648 37.0080070495605 37.034553527832 37.0634155273438 37.0943145751953 37.1260948181152 37.1574592590332 37.1874580383301 37.215259552002 37.2401733398438 37.262508392334 37.2824096679688 37.2999420166016 37.3152313232422 37.3283996582031 37.3395614624023 37.3488655090332 37.3563690185547 37.3614959716797 37.3644828796387 37.365364074707 37.3641090393066 37.3608283996582 37.355640411377 37.3486061096191 37.3397636413574 37.3292617797852 37.3170280456543 37.3023681640625 37.2852058410645 37.2653312683105 37.2424240112305 37.2160758972168 37.1858787536621 37.1515960693359 37.1132736206055 37.0710525512695 37.025390625 36.9767990112305 36.9251594543457 36.8702964782715 36.8120346069336 36.7502555847168
36.4651107788086 36.5550003051758 36.6288719177246 36.7100219726562 36.7992286682129 36.8831520080566 36.951545715332 36.9999732971191 37.0320816040039 37.0535545349121 37.0718765258789 37.0921096801758 37.1169395446777 37.146427154541 37.1787796020508 37.2116203308105 37.2430725097656 37.2719535827637 37.2972984313965 37.3196105957031 37.3390655517578 37.355785369873 37.3698921203613 37.3814735412598 37.3906517028809 37.3976287841797 37.4023895263672 37.4044227600098 37.4039154052734 37.4009056091309 37.3954544067383 37.3878326416016 37.378246307373 37.3667373657227 37.3533477783203 37.3381652832031 37.3205795288086 37.3000526428223 37.2764739990234 37.2495880126953 37.2191009521484 37.1847152709961 37.1461791992188 37.1034240722656 37.0567092895508 37.0062675476074 36.9524841308594 36.8958206176758 36.8361167907715 36.7731246948242 36.7067451477051 36.6370735168457
36.4275054931641 36.4603958129883 36.4954948425293 36.5717163085938 36.6863861083984 36.815071105957 36.9340362548828 37.0192070007324 37.0628623962402 37.0761680603027 37.0790138244629 37.0830879211426 37.0966262817383 37.121696472168 37.1550025939941 37.1912612915039 37.2267532348633 37.2594337463379 37.2879371643066 37.3128051757812 37.3342094421387 37.3522682189941 37.3670959472656 37.3788223266602 37.3876342773438 37.3937187194824 37.3971290588379 37.3974571228027 37.3947143554688 37.3889808654785 37.3805732727051 37.3699264526367 37.357364654541 37.3430824279785 37.3271675109863 37.3093872070312 37.2888870239258 37.265064239502 37.2377510070801 37.2066612243652 37.1715393066406 37.1322250366211 37.0886650085449 37.0409278869629 36.989330291748 36.934024810791 36.8753051757812 36.8135528564453 36.7485771179199 36.6802635192871 36.6086044311523 36.5338363647461
36.3913879394531 36.3336868286133 36.3213005065918 36.3924255371094 36.526481628418 36.6892700195312 36.852352142334 36.9818458557129 37.0508613586426 37.0569267272949 37.0327682495117 37.0017738342285 36.9881324768066 37.0022850036621 37.0376358032227 37.080638885498 37.1238327026367 37.1639709472656 37.1988525390625 37.2292175292969 37.2554321289062 37.2776679992676 37.2960968017578 37.3109474182129 37.3224449157715 37.3307189941406 37.3357810974121 37.3370132446289 37.3344345092773 37.3283958435059 37.3195152282715 37.3083763122559 37.2954483032227 37.2810974121094 37.2654762268066 37.2481575012207 37.2281455993652 37.2046508789062 37.1773414611816 37.1458854675293 37.1101226806641 37.0700378417969 37.0256652832031 36.9771270751953 36.9247283935547 36.8686599731445 36.8090515136719 36.746208190918 36.6800308227539 36.610424041748 36.5373497009277 36.4609909057617
