AnalysisFolder/EnvironmentalData/Present/savg.asc
NCOLS 360 
NROWS 90 
XLLCORNER -180 
YLLCORNER 0 
CELLSIZE 1 
NODATA_value -3.4e+38 
[rows 0 to 22 of 90, columns 260 to 311 of 360]
32.6842002868652 32.6825866699219 32.6809921264648 32.6794128417969 32.679069519043 32.6789398193359 32.6788063049316 32.6786766052246 32.6785430908203 32.6784133911133 32.678279876709 32.6781463623047 32.6780166625977 32.6778831481934 32.6777496337891 32.6776161193848 32.6774864196777 32.6773529052734 32.6772193908691 32.6770858764648 32.6769523620605 32.6768188476562 32.6766815185547 32.6765480041504 32.6764144897461 32.6762809753418 32.6761436462402 32.6760101318359 32.6758766174316 32.6757392883301 32.6756057739258 32.6754684448242 32.6753311157227 32.6751976013184 32.6750602722168 32.6749229431152 32.6747894287109 32.6746520996094 32.6745147705078 32.6743774414062 32.6742401123047 32.6741027832031 32.6739654541016 32.673828125 32.6736869812012 32.6735496520996 32.673412322998 32.6732711791992 32.6731338500977 32.6729927062988 32.6728553771973 32.6727142333984
32.658088684082 32.6548385620117 32.6516151428223 32.6480522155762 32.6438941955566 32.6401634216309 32.6364440917969 32.6327285766602 32.6290245056152 32.6253318786621 32.6216430664062 32.6179656982422 32.6142959594727 32.6106605529785 32.607536315918 32.6044120788574 32.6012954711914 32.5981826782227 32.5950698852539 32.5919647216797 32.5888633728027 32.585765838623 32.5826721191406 32.5801010131836 32.5775566101074 32.575008392334 32.5724601745605 32.5699119567871 32.5673637390137 32.5648155212402 32.5622634887695 32.5597267150879 32.5577278137207 32.5557250976562 32.5537185668945 32.5517082214355 32.5496940612793 32.5476760864258 32.545654296875 32.543628692627 32.5418128967285 32.5403251647949 32.5388336181641 32.5373382568359 32.5358352661133 32.5343284606934 32.5328178405762 32.5312995910645 32.5298652648926 32.5288848876953 32.5279006958008 32.5269165039062
32.6428413391113 32.6367454528809 32.6302146911621 32.6227951049805 32.6154098510742 32.6086006164551 32.6017799377441 32.5949554443359 32.5881195068359 32.5812797546387 32.5744857788086 32.5682754516602 32.5620574951172 32.555835723877 32.5496025085449 32.5433616638184 32.537181854248 32.5315818786621 32.5259704589844 32.5203552246094 32.5147285461426 32.5090942382812 32.5035743713379 32.4985771179199 32.4935684204102 32.4879951477051 32.4823951721191 32.4767723083496 32.4717979431152 32.4669570922852 32.4620971679688 32.457218170166 32.452320098877 32.4479904174805 32.4438667297363 32.4397239685059 32.4355697631836 32.4314002990723 32.4277610778809 32.4243583679199 32.4209480285645 32.4175262451172 32.4140968322754 32.4111785888672 32.4084968566895 32.4058074951172 32.4031105041504 32.4004058837891 32.3982467651367 32.3962783813477 32.3943099975586 32.392333984375
32.6502151489258 32.6392059326172 32.6277885437012 32.6170387268066 32.606258392334 32.5954170227051 32.5845031738281 32.5738754272461 32.5636520385742 32.5533752441406 32.5430450439453 32.532657623291 32.5229606628418 32.5133056640625 32.503604888916 32.4938545227051 32.4839706420898 32.4740371704102 32.4640274047852 32.4539451599121 32.4441757202148 32.435001373291 32.4257621765137 32.4164695739746 32.4075088500977 32.3991508483887 32.3907470703125 32.3822898864746 32.3742065429688 32.3666954040527 32.3591461181641 32.3515586853027 32.3444137573242 32.3377723693848 32.3311004638672 32.3243980407715 32.3182487487793 32.3124885559082 32.3067054748535 32.3008995056152 32.2957649230957 32.2907524108887 32.2857284545898 32.2807312011719 32.2767066955566 32.2726745605469 32.2686424255371 32.2649307250977 32.2618293762207 32.258731842041 32.2556304931641 32.2531547546387
32.6853485107422 32.6701011657715 32.6546363830566 32.6389503479004 32.6237831115723 32.6086540222168 32.593334197998 32.5778999328613 32.5632400512695 32.548412322998 32.5334205627441 32.5181503295898 32.5026435852051 32.4869155883789 32.4710121154785 32.4561767578125 32.4411468505859 32.4259262084961 32.4114532470703 32.3972511291504 32.3828926086426 32.3688430786133 32.3555755615234 32.3421745300293 32.3286552429199 32.3164100646973 32.3040618896484 32.2910385131836 32.2788772583008 32.2669982910156 32.2550277709961 32.2439193725586 32.233325958252 32.2226676940918 32.2126846313477 32.2034034729004 32.1940803527832 32.1852722167969 32.1773262023926 32.1693572998047 32.161750793457 32.155101776123 32.1484451293945 32.1420440673828 32.1366806030273 32.1313209533691 32.1261329650879 32.1220283508301 32.1179275512695 32.1139297485352 32.1108932495117 32.1078643798828
32.761474609375 32.7418937683105 32.7218780517578 32.7014236450195 32.6814231872559 32.6610832214355 32.6403427124023 32.6199569702148 32.5984840393066 32.5764274597168 32.5549621582031 32.5332069396973 32.510929107666 32.4895896911621 32.467903137207 32.4457664489746 32.4248962402344 32.403621673584 32.3821144104004 32.3618278503418 32.340030670166 32.3183670043945 32.2978210449219 32.2769050598145 32.2567596435547 32.2373504638672 32.2176513671875 32.1994171142578 32.1814880371094 32.1633987426758 32.1473693847656 32.1311874389648 32.1155052185059 32.1013031005859 32.0870018005371 32.0738296508789 32.0615234375 32.048828125 32.0377655029297 32.0269737243652 32.0166473388672 32.0079002380371 31.999174118042 31.9915313720703 31.9846858978271 31.9778728485107 31.9726467132568 31.9675540924072 31.9629459381104 31.9594039916992 31.9558944702148 31.9533081054688
32.8927688598633 32.870231628418 32.8469200134277 32.8229942321777 32.7983779907227 32.7733383178711 32.7477569580078 32.721061706543 32.6938591003418 32.6660423278809 32.6371574401855 32.6085014343262 32.5788764953613 32.5488014221191 32.5185966491699 32.4865036010742 32.4547424316406 32.4219703674316 32.3888130187988 32.3563270568848 32.3227119445801 32.2909774780273 32.2588348388672 32.2272338867188 32.1972274780273 32.1665687561035 32.1387519836426 32.1099128723145 32.081298828125 32.0545997619629 32.0279388427734 32.0047225952148 31.9814205169678 31.9604053497314 31.9405899047852 31.92165184021 31.9052047729492 31.8887901306152 31.8750915527344 31.8618335723877 31.8499660491943 31.8395290374756 31.8294506072998 31.8215522766113 31.8137283325195 31.8076000213623 31.8020782470703 31.797384262085 31.7939357757568 31.7906150817871 31.7889175415039 31.7872104644775
33.0803337097168 33.0602874755859 33.0348930358887 33.0095329284668 32.9828033447266 32.9562683105469 32.9289436340332 32.9004020690918 32.8716850280762 32.8405075073242 32.8072052001953 32.7663459777832 32.7241973876953 32.6805534362793 32.635368347168 32.5890617370605 32.5410957336426 32.4919242858887 32.4420623779297 32.3908500671387 32.3402671813965 32.282470703125 32.2261543273926 32.1727104187012 32.1207275390625 32.0732345581055 32.0258827209473 31.9845123291016 31.9430847167969 31.9066333770752 31.8712253570557 31.8393287658691 31.8096046447754 31.7821235656738 31.7577075958252 31.7336711883545 31.7129020690918 31.692756652832 31.6768684387207 31.6612796783447 31.6493072509766 31.6379432678223 31.6291770935059 31.6214370727539 31.6154918670654 31.6108226776123 31.6073322296143 31.6052532196045 31.6038627624512 31.603889465332 31.6042537689209 31.6059455871582
33.1942443847656 33.1647567749023 33.1344146728516 33.1034660339355 33.0736808776855 33.0452117919922 33.0172348022461 32.9885177612305 32.9585189819336 32.9250946044922 32.8901023864746 32.8467750549316 32.8009071350098 32.7415504455566 32.6783752441406 32.5962295532227 -3.4e+38 32.3997993469238 32.323184967041 32.2542495727539 32.1893272399902 32.1256980895996 32.0634956359863 32.0032730102539 31.9444599151611 31.888599395752 31.8347606658936 31.7825508117676 31.7322196960449 31.6855812072754 31.6422672271729 31.602710723877 31.566801071167 31.5344486236572 31.5058002471924 31.4804000854492 31.4585933685303 31.4396839141846 31.4241580963135 31.4111137390137 31.4010543823242 31.3930854797363 31.3876838684082 31.3839931488037 31.382417678833 31.3818206787109 31.3829784393311 31.3853282928467 31.3890686035156 31.3936672210693 31.3992328643799 31.4054183959961
33.1829719543457 33.1567916870117 33.1298866271973 33.1030540466309 33.0730514526367 33.0430755615234 33.0142593383789 32.9883689880371 32.9689750671387 32.9545516967773 32.947380065918 32.9460525512695 -3.4e+38 -3.4e+38 -3.4e+38 -3.4e+38 -3.4e+38 -3.4e+38 -3.4e+38 31.9147205352783 31.8705959320068 31.8261299133301 31.7732524871826 31.7177295684814 31.6586055755615 31.5992183685303 31.5406646728516 31.483829498291 31.4297618865967 31.3791370391846 31.3319664001465 31.2895889282227 31.2505569458008 31.2170085906982 31.1842975616455 31.1584453582764 31.1347026824951 31.1181983947754 31.103235244751 31.0949058532715 31.0881900787354 31.0864505767822 31.0865879058838 31.0902462005615 31.095724105835 31.1034717559814 31.1127796173096 31.1234397888184 31.1353054046631 31.1479358673096 31.1612987518311 31.1750411987305
33.106086730957 33.0757179260254 33.0437965393066 33.0136222839355 32.9859886169434 32.9598693847656 32.9352378845215 32.913143157959 32.8934860229492 32.8775634765625 32.8640518188477 32.8550262451172 32.8470077514648 -3.4e+38 -3.4e+38 -3.4e+38 -3.4e+38 -3.4e+38 -3.4e+38 -3.4e+38 -3.4e+38 -3.4e+38 20.9097156524658 31.402515411377 31.3237400054932 31.2452793121338 31.172908782959 31.1014041900635 31.0368366241455 30.9786033630371 30.9237766265869 30.8765869140625 30.8318176269531 30.7958202362061 30.7631664276123 30.7375736236572 30.7172679901123 30.7022800445557 30.6942768096924 30.6896553039551 30.6927967071533 30.6979007720947 30.7071361541748 30.7189998626709 30.7345695495605 30.7526092529297 30.7725524902344 30.7941799163818 30.8166694641113 30.8397407531738 30.863073348999 30.8861980438232
32.9503440856934 32.9178695678711 32.8867530822754 32.8577308654785 32.8315086364746 32.8073120117188 32.786003112793 32.7692680358887 32.7559394836426 32.7459411621094 32.7366104125977 32.7289657592773 32.7229423522949 32.7193641662598 32.7163276672363 32.7106895446777 -3.4e+38 -3.4e+38 -3.4e+38 -3.4e+38 -3.4e+38 -3.4e+38 -3.4e+38 -3.4e+38 -3.4e+38 -3.4e+38 -3.4e+38 30.6071338653564 30.5469646453857 30.4843845367432 30.4222278594971 30.3635215759277 30.3081188201904 30.2530822753906 30.2102375030518 30.1721572875977 30.1489200592041 30.1325492858887 30.1253547668457 30.1278591156006 30.1352481842041 30.1532821655273 30.1750736236572 30.2032279968262 30.2356204986572 30.2710704803467 30.3086452484131 30.3469905853271 30.38498878479 30.4219951629639 30.4579544067383 30.4912433624268
32.683162689209 32.6536560058594 32.6189651489258 32.5871200561523 32.5608139038086 32.5385322570801 32.5204963684082 32.5106773376465 32.5060844421387 32.5104026794434 32.5233688354492 32.5446243286133 32.5675201416016 32.593879699707 32.6193809509277 32.6428451538086 32.6645622253418 32.6794509887695 32.6931648254395 32.7021636962891 -3.4e+38 -3.4e+38 -3.4e+38 -3.4e+38 -3.4e+38 -3.4e+38 -3.4e+38 30.2341022491455 30.1475391387939 30.030143737793 29.8857574462891 29.7217788696289 29.6043395996094 29.5024089813232 29.4261302947998 29.3747482299805 29.3356323242188 29.3264141082764 29.3298587799072 29.3431015014648 29.363883972168 29.3892593383789 29.4207191467285 29.4567451477051 29.495080947876 29.5540828704834 29.6139430999756 29.6725292205811 29.727014541626 29.77956199646 29.8251895904541 29.8658065795898
32.2203826904297 32.1945724487305 32.1734771728516 32.1542549133301 32.1425323486328 32.1380653381348 32.1425323486328 32.1586112976074 32.1837463378906 32.2166748046875 32.2564697265625 32.3021965026855 -3.4e+38 -3.4e+38 -3.4e+38 -3.4e+38 -3.4e+38 32.651008605957 32.6747245788574 32.6916160583496 -3.4e+38 -3.4e+38 -3.4e+38 -3.4e+38 -3.4e+38 -3.4e+38 -3.4e+38 -3.4e+38 -3.4e+38 -3.4e+38 -3.4e+38 -3.4e+38 -3.4e+38 -3.4e+38 28.2742366790771 28.2208881378174 28.197883605957 28.1939907073975 28.2160778045654 28.2530250549316 28.2956027984619 28.3414611816406 28.3800830841064 28.4142112731934 28.4640560150146 28.5255565643311 28.5983428955078 28.6908168792725 28.7782897949219 28.8460960388184 28.8989734649658 28.9436016082764
31.3681335449219 31.3756504058838 31.4065055847168 31.4174690246582 31.45263671875 31.5408554077148 31.6338024139404 -3.4e+38 -3.4e+38 -3.4e+38 -3.4e+38 -3.4e+38 -3.4e+38 -3.4e+38 -3.4e+38 -3.4e+38 -3.4e+38 -3.4e+38 -3.4e+38 -3.4e+38 -3.4e+38 -3.4e+38 -3.4e+38 -3.4e+38 -3.4e+38 -3.4e+38 -3.4e+38 -3.4e+38 -3.4e+38 -3.4e+38 -3.4e+38 -3.4e+38 -3.4e+38 -3.4e+38 -3.4e+38 26.9612483978271 26.9432106018066 26.9454669952393 26.964319229126 26.9887714385986 27.0213642120361 27.0835666656494 27.1663608551025 27.2703685760498 27.3666400909424 27.4559726715088 27.5294513702393 27.5998973846436 27.6658096313477 27.7200450897217 27.7757320404053 27.8340950012207
30.5526523590088 30.5624465942383 30.5809688568115 30.5995121002197 -3.4e+38 -3.4e+38 -3.4e+38 -3.4e+38 -3.4e+38 -3.4e+38 -3.4e+38 -3.4e+38 -3.4e+38 -3.4e+38 -3.4e+38 -3.4e+38 -3.4e+38 -3.4e+38 -3.4e+38 -3.4e+38 -3.4e+38 -3.4e+38 -3.4e+38 -3.4e+38 -3.4e+38 -3.4e+38 -3.4e+38 -3.4e+38 -3.4e+38 -3.4e+38 -3.4e+38 -3.4e+38 -3.4e+38 -3.4e+38 26.1760120391846 26.1742038726807 26.1318798065186 26.07692527771 26.0181217193604 26.0155906677246 26.0401992797852 26.0904197692871 26.18798828125 26.3073444366455 26.4403877258301 26.5764007568359 26.6852626800537 26.7742137908936 26.839973449707 26.9044055938721 26.9690589904785 27.034948348999
-3.4e+38 -3.4e+38 -3.4e+38 -3.4e+38 -3.4e+38 -3.4e+38 -3.4e+38 -3.4e+38 -3.4e+38 -3.4e+38 -3.4e+38 -3.4e+38 -3.4e+38 -3.4e+38 -3.4e+38 -3.4e+38 -3.4e+38 -3.4e+38 -3.4e+38 -3.4e+38 -3.4e+38 -3.4e+38 -3.4e+38 -3.4e+38 -3.4e+38 -3.4e+38 -3.4e+38 -3.4e+38 -3.4e+38 -3.4e+38 -3.4e+38 -3.4e+38 -3.4e+38 -3.4e+38 -3.4e+38 -3.4e+38 -3.4e+38 -3.4e+38 -3.4e+38 -3.4e+38 25.3116512298584 25.3551998138428 -3.4e+38 -3.4e+38 -3.4e+38 -3.4e+38 -3.4e+38 -3.4e+38 -3.4e+38 26.4541778564453 26.5179920196533 26.6079387664795
-3.4e+38 -3.4e+38 -3.4e+38 -3.4e+38 -3.4e+38 -3.4e+38 -3.4e+38 -3.4e+38 -3.4e+38 -3.4e+38 -3.4e+38 -3.4e+38 -3.4e+38 -3.4e+38 -3.4e+38 -3.4e+38 -3.4e+38 -3.4e+38 -3.4e+38 -3.4e+38 -3.4e+38 -3.4e+38 -3.4e+38 -3.4e+38 -3.4e+38 -3.4e+38 -3.4e+38 -3.4e+38 -3.4e+38 -3.4e+38 -3.4e+38 -3.4e+38 -3.4e+38 -3.4e+38 -3.4e+38 -3.4e+38 -3.4e+38 -3.4e+38 -3.4e+38 -3.4e+38 -3.4e+38 -3.4e+38 -3.4e+38 -3.4e+38 -3.4e+38 -3.4e+38 -3.4e+38 -3.4e+38 -3.4e+38 -3.4e+38 -3.4e+38 26.3951301574707
-3.4e+38 -3.4e+38 -3.4e+38 -3.4e+38 -3.4e+38 -3.4e+38 -3.4e+38 -3.4e+38 -3.4e+38 -3.4e+38 -3.4e+38 -3.4e+38 -3.4e+38 -3.4e+38 -3.4e+38 -3.4e+38 -3.4e+38 -3.4e+38 -3.4e+38 -3.4e+38 -3.4e+38 -3.4e+38 -3.4e+38 -3.4e+38 -3.4e+38 -3.4e+38 -3.4e+38 -3.4e+38 -3.4e+38 -3.4e+38 -3.4e+38 -3.4e+38 -3.4e+38 -3.4e+38 -3.4e+38 -3.4e+38 -3.4e+38 -3.4e+38 -3.4e+38 -3.4e+38 -3.4e+38 -3.4e+38 -3.4e+38 -3.4e+38 -3.4e+38 -3.4e+38 -3.4e+38 -3.4e+38 -3.4e+38 -3.4e+38 -3.4e+38 -3.4e+38
-3.4e+38 -3.4e+38 -3.4e+38 -3.4e+38 -3.4e+38 -3.4e+38 -3.4e+38 -3.4e+38 -3.4e+38 -3.4e+38 -3.4e+38 -3.4e+38 -3.4e+38 -3.4e+38 -3.4e+38 -3.4e+38 -3.4e+38 -3.4e+38 -3.4e+38 -3.4e+38 -3.4e+38 -3.4e+38 -3.4e+38 -3.4e+38 -3.4e+38 -3.4e+38 -3.4e+38 -3.4e+38 -3.4e+38 -3.4e+38 -3.4e+38 -3.4e+38 -3.4e+38 -3.4e+38 -3.4e+38 -3.4e+38 -3.4e+38 -3.4e+38 -3.4e+38 -3.4e+38 -3.4e+38 -3.4e+38 -3.4e+38 -3.4e+38 -3.4e+38 -3.4e+38 -3.4e+38 -3.4e+38 -3.4e+38 -3.4e+38 -3.4e+38 -3.4e+38
-3.4e+38 -3.4e+38 -3.4e+38 -3.4e+38 -3.4e+38 -3.4e+38 -3.4e+38 -3.4e+38 -3.4e+38 -3.4e+38 -3.4e+38 -3.4e+38 -3.4e+38 -3.4e+38 -3.4e+38 -3.4e+38 -3.4e+38 -3.4e+38 -3.4e+38 -3.4e+38 -3.4e+38 -3.4e+38 -3.4e+38 -3.4e+38 -3.4e+38 -3.4e+38 -3.4e+38 -3.4e+38 -3.4e+38 -3.4e+38 -3.4e+38 -3.4e+38 -3.4e+38 -3.4e+38 -3.4e+38 -3.4e+38 -3.4e+38 -3.4e+38 -3.4e+38 -3.4e+38 -3.4e+38 -3.4e+38 -3.4e+38 -3.4e+38 -3.4e+38 -3.4e+38 -3.4e+38 -3.4e+38 -3.4e+38 -3.4e+38 -3.4e+38 -3.4e+38
-3.4e+38 -3.4e+38 -3.4e+38 -3.4e+38 -3.4e+38 -3.4e+38 -3.4e+38 -3.4e+38 -3.4e+38 -3.4e+38 -3.4e+38 -3.4e+38 -3.4e+38 -3.4e+38 -3.4e+38 -3.4e+38 -3.4e+38 -3.4e+38 -3.4e+38 -3.4e+38 -3.4e+38 -3.4e+38 -3.4e+38 -3.4e+38 -3.4e+38 -3.4e+38 -3.4e+38 -3.4e+38 -3.4e+38 -3.4e+38 -3.4e+38 -3.4e+38 -3.4e+38 -3.4e+38 -3.4e+38 -3.4e+38 -3.4e+38 -3.4e+38 -3.4e+38 -3.4e+38 -3.4e+38 -3.4e+38 -3.4e+38 -3.4e+38 -3.4e+38 -3.4e+38 -3.4e+38 -3.4e+38 -3.4e+38 -3.4e+38 -3.4e+38 -3.4e+38
-3.4e+38 -3.4e+38 -3.4e+38 -3.4e+38 -3.4e+38 -3.4e+38 -3.4e+38 -3.4e+38 -3.4e+38 -3.4e+38 -3.4e+38 -3.4e+38 -3.4e+38 -3.4e+38 -3.4e+38 -3.4e+38 -3.4e+38 -3.4e+38 -3.4e+38 -3.4e+38 -3.4e+38 -3.4e+38 -3.4e+38 -3.4e+38 -3.4e+38 -3.4e+38 -3.4e+38 -3.4e+38 -3.4e+38 -3.4e+38 -3.4e+38 -3.4e+38 -3.4e+38 -3.4e+38 -3.4e+38 -3.4e+38 -3.4e+38 -3.4e+38 -3.4e+38 -3.4e+38 -3.4e+38 -3.4e+38 -3.4e+38 -3.4e+38 -3.4e+38 -3.4e+38 -3.4e+38 -3.4e+38 -3.4e+38 -3.4e+38 -3.4e+38 -3.4e+38
