AnalysisFolder/EnvironmentalData/Present/savg.asc
NCOLS 360 
NROWS 90 
XLLCORNER -180 
YLLCORNER 0 
CELLSIZE 1 
NODATA_value -3.4e+38 
[rows 23 to 45 of 90, columns 0 to 51 of 360]
-3.4e+38 -3.4e+38 -3.4e+38 -3.4e+38 -3.4e+38 -3.4e+38 -3.4e+38 -3.4e+38 -3.4e+38 -3.4e+38 31.4255237579346 32.1277122497559 32.0554313659668 32.0342140197754 -3.4e+38 -3.4e+38 -3.4e+38 -3.4e+38 -3.4e+38 -3.4e+38 -3.4e+38 -3.4e+38 -3.4e+38 -3.4e+38 -3.4e+38 -3.4e+38 -3.4e+38 -3.4e+38 -3.4e+38 -3.4e+38 -3.4e+38 -3.4e+38 -3.4e+38 -3.4e+38 -3.4e+38 -3.4e+38 -3.4e+38 -3.4e+38 -3.4e+38 -3.4e+38 -3.4e+38 -3.4e+38 -3.4e+38 -3.4e+38 -3.4e+38 -3.4e+38 -3.4e+38 -3.4e+38 -3.4e+38 -3.4e+38 -3.4e+38 -3.4e+38
-3.4e+38 -3.4e+38 -3.4e+38 -3.4e+38 -3.4e+38 -3.4e+38 -3.4e+38 -3.4e+38 -3.4e+38 26.4795627593994 32.1878433227539 31.9833545684814 -3.4e+38 -3.4e+38 -3.4e+38 -3.4e+38 -3.4e+38 -3.4e+38 -3.4e+38 -3.4e+38 -3.4e+38 -3.4e+38 -3.4e+38 -3.4e+38 -3.4e+38 -3.4e+38 -3.4e+38 -3.4e+38 -3.4e+38 -3.4e+38 -3.4e+38 -3.4e+38 -3.4e+38 -3.4e+38 -3.4e+38 -3.4e+38 -3.4e+38 -3.4e+38 -3.4e+38 -3.4e+38 -3.4e+38 -3.4e+38 -3.4e+38 -3.4e+38 -3.4e+38 -3.4e+38 -3.4e+38 -3.4e+38 -3.4e+38 -3.4e+38 -3.4e+38 -3.4e+38
32.162166595459 32.1780891418457 32.2019081115723 32.2255325317383 32.2509613037109 -3.4e+38 -3.4e+38 20.3318214416504 29.2120475769043 32.2744636535645 32.1250991821289 31.9158096313477 31.6576538085938 -3.4e+38 -3.4e+38 -3.4e+38 -3.4e+38 -3.4e+38 -3.4e+38 -3.4e+38 -3.4e+38 -3.4e+38 -3.4e+38 -3.4e+38 -3.4e+38 -3.4e+38 -3.4e+38 -3.4e+38 -3.4e+38 -3.4e+38 -3.4e+38 -3.4e+38 -3.4e+38 -3.4e+38 -3.4e+38 -3.4e+38 -3.4e+38 -3.4e+38 -3.4e+38 -3.4e+38 -3.4e+38 -3.4e+38 -3.4e+38 -3.4e+38 -3.4e+38 -3.4e+38 -3.4e+38 -3.4e+38 -3.4e+38 -3.4e+38 -3.4e+38 -3.4e+38
32.1764221191406 32.2275924682617 32.2546882629395 32.2557220458984 32.2571487426758 32.2672424316406 32.2818946838379 32.2952499389648 32.2920455932617 32.2355155944824 32.1257400512695 31.9815540313721 31.8052635192871 31.5945720672607 31.3455963134766 -3.4e+38 30.7532749176025 -3.4e+38 -3.4e+38 -3.4e+38 -3.4e+38 -3.4e+38 -3.4e+38 -3.4e+38 -3.4e+38 -3.4e+38 -3.4e+38 -3.4e+38 -3.4e+38 -3.4e+38 -3.4e+38 -3.4e+38 -3.4e+38 -3.4e+38 -3.4e+38 -3.4e+38 -3.4e+38 -3.4e+38 -3.4e+38 -3.4e+38 -3.4e+38 -3.4e+38 -3.4e+38 -3.4e+38 -3.4e+38 -3.4e+38 -3.4e+38 -3.4e+38 -3.4e+38 -3.4e+38 -3.4e+38 -3.4e+38
32.3232727050781 32.3304901123047 32.3173561096191 32.2992286682129 32.283390045166 32.2759094238281 32.2745552062988 32.270336151123 32.2580718994141 32.2303276062012 32.1749114990234 32.0545082092285 31.9054012298584 31.7739505767822 -3.4e+38 -3.4e+38 -3.4e+38 -3.4e+38 -3.4e+38 -3.4e+38 -3.4e+38 -3.4e+38 -3.4e+38 -3.4e+38 -3.4e+38 -3.4e+38 -3.4e+38 -3.4e+38 -3.4e+38 -3.4e+38 -3.4e+38 -3.4e+38 -3.4e+38 -3.4e+38 -3.4e+38 -3.4e+38 -3.4e+38 -3.4e+38 -3.4e+38 -3.4e+38 -3.4e+38 -3.4e+38 -3.4e+38 -3.4e+38 -3.4e+38 -3.4e+38 -3.4e+38 -3.4e+38 -3.4e+38 -3.4e+38 -3.4e+38 -3.4e+38
32.4285202026367 32.3901100158691 32.3432846069336 32.3072700500488 32.2771110534668 32.2532234191895 32.2347793579102 32.2178916931152 32.2004432678223 32.1804542541504 32.1420631408691 32.0707931518555 31.9605197906494 31.8485794067383 -3.4e+38 -3.4e+38 -3.4e+38 -3.4e+38 -3.4e+38 -3.4e+38 -3.4e+38 -3.4e+38 -3.4e+38 -3.4e+38 -3.4e+38 -3.4e+38 -3.4e+38 -3.4e+38 -3.4e+38 -3.4e+38 -3.4e+38 -3.4e+38 -3.4e+38 -3.4e+38 -3.4e+38 -3.4e+38 -3.4e+38 -3.4e+38 -3.4e+38 -3.4e+38 -3.4e+38 -3.4e+38 -3.4e+38 -3.4e+38 -3.4e+38 -3.4e+38 -3.4e+38 -3.4e+38 -3.4e+38 -3.4e+38 -3.4e+38 -3.4e+38
32.4386596679688 32.416187286377 32.376594543457 32.3266487121582 32.2845687866211 32.2489280700684 32.2165794372559 32.1875190734863 32.1637992858887 32.1377220153809 32.1014633178711 32.0512847900391 31.9889087677002 31.9275951385498 -3.4e+38 -3.4e+38 -3.4e+38 -3.4e+38 -3.4e+38 -3.4e+38 -3.4e+38 -3.4e+38 -3.4e+38 -3.4e+38 -3.4e+38 -3.4e+38 -3.4e+38 -3.4e+38 -3.4e+38 -3.4e+38 -3.4e+38 -3.4e+38 -3.4e+38 -3.4e+38 -3.4e+38 -3.4e+38 -3.4e+38 -3.4e+38 -3.4e+38 -3.4e+38 -3.4e+38 -3.4e+38 -3.4e+38 -3.4e+38 -3.4e+38 -3.4e+38 -3.4e+38 -3.4e+38 -3.4e+38 -3.4e+38 -3.4e+38 -3.4e+38
32.4823760986328 32.4546661376953 32.4230308532715 32.384407043457 32.334831237793 32.2964820861816 32.2609405517578 32.2231979370117 32.1833152770996 32.1406707763672 32.0943794250488 32.0402679443359 31.9735298156738 31.8908443450928 31.7992134094238 -3.4e+38 -3.4e+38 -3.4e+38 -3.4e+38 -3.4e+38 -3.4e+38 -3.4e+38 -3.4e+38 -3.4e+38 -3.4e+38 -3.4e+38 -3.4e+38 -3.4e+38 -3.4e+38 -3.4e+38 -3.4e+38 -3.4e+38 31.4057312011719 31.460241317749 31.517276763916 31.5413150787354 -3.4e+38 31.523811340332 31.5021934509277 31.4785480499268 -3.4e+38 -3.4e+38 -3.4e+38 -3.4e+38 -3.4e+38 -3.4e+38 -3.4e+38 -3.4e+38 -3.4e+38 -3.4e+38 -3.4e+38 -3.4e+38
32.5473480224609 32.5162010192871 32.4826774597168 32.4467124938965 32.4095039367676 32.3739242553711 32.3391647338867 32.289867401123 32.2358589172363 32.1847915649414 32.1352119445801 32.0791015625 32.007884979248 31.9150981903076 31.804801940918 31.6779460906982 31.5208206176758 -3.4e+38 -3.4e+38 -3.4e+38 -3.4e+38 -3.4e+38 -3.4e+38 -3.4e+38 -3.4e+38 -3.4e+38 -3.4e+38 31.4503154754639 31.4871082305908 31.5212020874023 31.5522270202637 31.5769596099854 31.6244277954102 31.6948642730713 31.7691211700439 31.8181343078613 31.8285808563232 31.7977542877197 31.7475814819336 31.6942024230957 31.6496753692627 -3.4e+38 -3.4e+38 -3.4e+38 -3.4e+38 -3.4e+38 -3.4e+38 -3.4e+38 -3.4e+38 -3.4e+38 -3.4e+38 -3.4e+38
32.6073112487793 32.5797157287598 32.5496444702148 32.5178909301758 32.4849243164062 32.4504852294922 32.4122772216797 32.3671035766602 32.3139801025391 32.2609329223633 32.2124328613281 32.1602096557617 32.0934066772461 32.0112838745117 31.9054374694824 31.7719631195068 31.6017532348633 31.3821487426758 31.1157779693604 30.8364124298096 30.6070175170898 30.4248676300049 -3.4e+38 -3.4e+38 -3.4e+38 7.71909046173096 2.45417284965515 24.9582481384277 31.6405296325684 31.6868896484375 31.7429008483887 31.7973403930664 31.865743637085 31.9436588287354 32.0093002319336 32.0567665100098 32.077091217041 32.064624786377 32.013427734375 31.9331703186035 31.845027923584 31.7574558258057 31.6783962249756 -3.4e+38 -3.4e+38 -3.4e+38 -3.4e+38 -3.4e+38 -3.4e+38 -3.4e+38 -3.4e+38 -3.4e+38
32.6486473083496 32.625129699707 32.5985527038574 32.5692558288574 32.5378494262695 32.5041923522949 32.4681816101074 32.4296913146973 32.3886413574219 32.346321105957 32.3046798706055 32.2528190612793 32.1828918457031 32.0972328186035 32.0037956237793 31.8773860931396 31.7013740539551 31.4888210296631 31.2623691558838 -3.4e+38 -3.4e+38 -3.4e+38 -3.4e+38 31.9102420806885 31.9053192138672 31.8992519378662 31.876636505127 31.8307685852051 31.8209762573242 31.862964630127 31.9291877746582 31.9972381591797 32.0597305297852 32.119140625 32.1708831787109 32.2123985290527 32.2351951599121 32.2306289672852 32.1981201171875 32.1348648071289 32.0439071655273 31.9398975372314 31.8401145935059 31.7510757446289 31.6818752288818 -3.4e+38 -3.4e+38 -3.4e+38 -3.4e+38 -3.4e+38 -3.4e+38 -3.4e+38
32.6705360412598 32.6503829956055 32.6279487609863 32.6032371520996 32.5757942199707 32.5460205078125 32.5141334533691 32.4802589416504 32.4439163208008 32.4054832458496 32.3639068603516 32.3162956237793 32.2548828125 32.1751937866211 32.0739822387695 -3.4e+38 31.8203010559082 -3.4e+38 -3.4e+38 -3.4e+38 -3.4e+38 31.9716472625732 31.9765491485596 31.9884834289551 31.9905948638916 31.9809970855713 31.9669437408447 31.9608192443848 31.9759826660156 32.0198135375977 32.0797843933105 32.1342353820801 32.1840171813965 32.2293357849121 32.2696762084961 32.3028450012207 32.3255424499512 32.3301849365234 32.3149795532227 32.2773666381836 32.214038848877 32.1200141906738 32.0096168518066 31.9037952423096 31.8142681121826 31.7512435913086 -3.4e+38 -3.4e+38 -3.4e+38 -3.4e+38 -3.4e+38 -3.4e+38
32.6785850524902 32.6615295410156 32.6427154541016 32.6221580505371 32.5990524291992 32.5732078552246 32.545654296875 32.5163841247559 32.4851417541504 32.4517555236816 32.4158515930176 32.3755683898926 32.3264541625977 32.259822845459 -3.4e+38 -3.4e+38 -3.4e+38 32.0072784423828 32.0152053833008 32.0275268554688 32.0327682495117 32.0361633300781 32.0437126159668 32.0546607971191 32.0600242614746 32.0594711303711 32.0646133422852 32.081958770752 32.1116752624512 32.1513671875 32.195499420166 32.237491607666 32.2756080627441 32.3105239868164 32.3414611816406 32.3674697875977 32.3863334655762 32.3950080871582 32.3901824951172 32.3649291992188 32.3189125061035 32.2511329650879 32.1622009277344 32.056957244873 31.9492301940918 31.8642902374268 31.8222713470459 31.7715797424316 31.6773777008057 -3.4e+38 -3.4e+38 -3.4e+38
32.6733322143555 32.6569671630859 32.6393966674805 32.6206588745117 32.6000938415527 32.5765686035156 32.552734375 32.5294799804688 32.5032005310059 32.4771957397461 32.4491577148438 -3.4e+38 -3.4e+38 -3.4e+38 -3.4e+38 32.117431640625 32.0913200378418 32.0853691101074 32.0865631103516 32.0961723327637 32.1081390380859 32.1173286437988 32.1265525817871 32.1364326477051 32.1460800170898 32.156623840332 32.1724624633789 32.1958770751953 32.224983215332 32.2571830749512 32.2900009155273 32.3217277526855 32.3511505126953 32.3780288696289 32.4017715454102 32.4217834472656 32.4364280700684 32.4434967041016 32.4398918151855 32.4232406616211 32.3907661437988 32.3376884460449 32.2659950256348 32.1753425598145 32.0682945251465 31.9589080810547 31.864875793457 31.7886638641357 31.6866474151611 -3.4e+38 -3.4e+38 -3.4e+38
32.6553649902344 32.6367492675781 32.6182708740234 32.602352142334 32.5829010009766 32.5559883117676 32.531177520752 32.5232009887695 32.4822540283203 32.4429244995117 -3.4e+38 -3.4e+38 32.2820472717285 32.2151107788086 32.1762199401855 32.1600456237793 32.1571655273438 32.1597557067871 32.165210723877 32.1754150390625 32.1898460388184 32.2022171020508 32.2140426635742 32.2261390686035 32.2392158508301 32.254077911377 32.2716865539551 32.2927169799805 32.3168067932129 32.3420677185059 32.3669700622559 32.3911056518555 32.4138870239258 32.4347839355469 32.453483581543 32.468807220459 32.4797554016113 32.4847450256348 32.4815521240234 32.4677238464355 32.4407196044922 32.3981056213379 32.3367347717285 32.2555656433105 32.159049987793 32.0493812561035 31.9347114562988 31.8377170562744 31.7844352722168 31.7752265930176 31.7400817871094 -3.4e+38
32.6268920898438 32.605052947998 32.5794486999512 32.5552635192871 32.5292549133301 32.4976844787598 32.4642601013184 32.4336624145508 32.3985176086426 32.3614234924316 32.3239555358887 32.2884712219238 32.2593078613281 32.2382049560547 32.2284393310547 32.2310409545898 32.2360763549805 32.2419281005859 32.2495269775391 32.2597618103027 32.2720375061035 32.2843360900879 32.2963752746582 32.3091278076172 32.3228645324707 32.3376502990723 32.3536643981934 32.3711128234863 32.3896255493164 32.4091987609863 32.4290542602539 32.4482727050781 32.466365814209 32.4829597473145 32.49755859375 32.5094871520996 32.5183029174805 32.521915435791 32.518928527832 32.5071067810059 32.4839401245117 32.4466781616211 32.3936157226562 32.324047088623 32.2381210327148 32.1386222839355 32.0285377502441 31.9230251312256 31.8436489105225 31.7952251434326 31.7559261322021 -3.4e+38
32.5932655334473 32.5699653625488 32.5452423095703 32.5194435119629 32.4924774169922 32.4651489257812 32.4383850097656 32.4125518798828 32.3878135681152 32.3665962219238 32.346607208252 32.3293876647949 32.3169631958008 32.3108863830566 32.3115272521973 32.3169708251953 32.3235092163086 32.3297462463379 32.3366584777832 32.3447608947754 32.353931427002 32.363655090332 32.3738822937012 32.3850250244141 32.3970375061035 32.4097023010254 32.4227256774902 32.4363746643066 32.450813293457 32.4660339355469 32.4816398620605 32.4968185424805 32.5112648010254 32.5245323181152 32.5362129211426 32.5457763671875 32.5526924133301 32.5561904907227 32.5543479919434 32.544994354248 32.5260162353516 32.4949188232422 32.449577331543 32.3885650634766 32.3115119934082 32.2193031311035 32.1128578186035 31.9988784790039 31.8860816955566 31.7836799621582 31.7005310058594 -3.4e+38
32.59912109375 32.5786247253418 32.5578231811523 32.537223815918 32.516242980957 32.4965705871582 32.4782791137695 32.4618911743164 32.4470596313477 32.4330940246582 32.420711517334 32.4110794067383 32.4055137634277 32.4041213989258 32.4061126708984 32.4102783203125 32.4151191711426 32.4191131591797 32.4232177734375 32.428279876709 32.4343376159668 32.4412002563477 32.4487686157227 32.4570999145508 32.4660758972168 32.4755897521973 32.4855461120605 32.4959602355957 32.506893157959 32.518310546875 32.5299415588379 32.5414810180664 32.5526084899902 32.5630531311035 32.5724029541016 32.5802421569824 32.5861167907715 32.5893821716309 32.5890426635742 32.583553314209 32.569751739502 32.5456733703613 32.5087814331055 32.4566421508789 32.3873329162598 32.300422668457 32.1969108581543 32.0786361694336 31.946117401123 31.8020648956299 31.6494636535645 31.4491806030273
32.6382713317871 32.6244049072266 32.6102256774902 32.5956687927246 32.5795402526855 32.5639381408691 32.5506439208984 32.53955078125 32.5298004150391 32.52099609375 32.5131530761719 32.5074005126953 32.5041160583496 32.5030097961426 32.5034523010254 32.5047416687012 32.5062370300293 32.5073661804199 32.5084953308105 32.5106430053711 32.5137519836426 32.5176315307617 32.5221290588379 32.5272331237793 32.5329704284668 32.5393753051758 32.5464668273926 32.5540313720703 32.5619049072266 32.5699996948242 32.5781440734863 32.5862617492676 32.594352722168 32.6021614074707 32.6093788146973 32.61572265625 32.6209373474121 32.6244850158691 32.6255340576172 32.622917175293 32.6149864196777 32.5984039306641 32.5704536437988 32.5279960632324 32.467960357666 32.3882675170898 32.2884483337402 32.169506072998 32.0330963134766 31.8771686553955 31.6923313140869 31.4847927093506
32.6945533752441 32.6865043640137 32.6776313781738 32.6675643920898 32.6557731628418 32.6447486877441 32.6357688903809 32.6281433105469 32.6212425231934 32.6148376464844 32.6089515686035 32.604133605957 32.6010627746582 32.5993194580078 32.598316192627 32.5974273681641 32.5962600708008 32.5947761535645 32.593376159668 32.5927963256836 32.5930671691895 32.5940246582031 32.595573425293 32.5977210998535 32.6005249023438 32.6040229797363 32.608211517334 32.6131172180176 32.6182632446289 32.6234397888184 32.628604888916 32.6338348388672 32.6392059326172 32.6446418762207 32.6499862670898 32.655086517334 32.6596603393555 32.663387298584 32.6656875610352 32.6655426025391 32.6614189147949 32.651294708252 32.6321029663086 32.5990943908691 32.5486946105957 32.4773826599121 32.3831977844238 32.2661399841309 32.1276435852051 31.9696731567383 31.7895240783691 31.5649299621582
32.7618522644043 32.7581405639648 32.7532348632812 32.7470016479492 32.7397842407227 32.7328453063965 32.7266807556152 32.7208824157715 32.7152290344238 32.7097549438477 32.7046356201172 32.7000427246094 32.6963081359863 32.6933860778809 32.6909484863281 32.6883125305176 32.685188293457 32.6817436218262 32.678409576416 32.6754951477051 32.67333984375 32.6718063354492 32.6707458496094 32.6702194213867 32.6703987121582 32.6713409423828 32.6729354858398 32.6750106811523 32.6773223876953 32.679874420166 32.6826362609863 32.6855735778809 32.688777923584 32.6924285888672 32.6963081359863 32.7002258300781 32.7041130065918 32.7078399658203 32.7108879089355 32.7124252319336 32.7112579345703 32.7052230834961 32.6918334960938 32.6676864624023 32.625545501709 32.5618591308594 32.4730224609375 32.3569068908691 32.214485168457 32.0466804504395 31.8506183624268 31.6134986877441
32.8451652526855 32.8438034057617 32.8412551879883 32.8376007080078 32.8331565856934 32.8283843994141 32.8234710693359 32.8183555603027 32.8130798339844 32.8077239990234 32.8023796081543 32.7971687316895 32.792179107666 32.7876014709473 32.7834701538086 32.7792739868164 32.7746925354004 32.7697792053223 32.7648086547852 32.760009765625 32.7556419372559 32.7518730163574 32.7486228942871 32.7458992004395 32.7438201904297 32.7423629760742 32.7414016723633 32.7407531738281 32.7403755187988 32.7404403686523 32.7411460876465 32.7425003051758 32.7442741394043 32.7464942932129 32.749195098877 32.7522583007812 32.755542755127 32.7590751647949 32.7626495361328 32.7655296325684 32.7661476135254 32.762565612793 32.7522430419922 32.7318572998047 32.697021484375 32.6386909484863 32.5532417297363 32.4387016296387 32.2944984436035 32.1218795776367 31.9221801757812 31.6928482055664
32.9510498046875 32.9490165710449 32.9461326599121 32.9425163269043 32.9383239746094 32.9336166381836 32.9283790588379 32.9229431152344 32.9172744750977 32.9112930297852 32.9050331115723 32.8985595703125 32.8919715881348 32.8855018615723 32.8791923522949 32.8729438781738 32.866584777832 32.8600730895996 32.8535461425781 32.8472137451172 32.8411178588867 32.8354835510254 32.8303451538086 32.8256416320801 32.8214149475098 32.8176231384277 32.8141822814941 32.8110618591309 32.8085098266602 32.8066558837891 32.8056831359863 32.805591583252 32.8062019348145 32.807487487793 32.8094367980957 32.8119468688965 32.8149795532227 32.8187141418457 32.8226547241211 32.8260765075684 32.8275489807129 32.8249664306641 32.8156051635742 32.7959823608398 32.7617454528809 32.7076721191406 32.6256866455078 32.5136413574219 32.3712348937988 32.1996803283691 32.0032081604004 31.7892875671387
