AnalysisFolder/EnvironmentalData/Present/tavg.asc
NCOLS 360 
NROWS 90 
XLLCORNER -180 
YLLCORNER 0 
CELLSIZE 1 
NODATA_value -3.4e+38 
[rows 23 to 45 of 90, columns 104 to 155 of 360]
-0.919994592666626 -0.926842987537384 -3.4e+38 -3.4e+38 -3.4e+38 -3.4e+38 -3.4e+38 -3.4e+38 -3.4e+38 -3.4e+38 -3.4e+38 -3.4e+38 -3.4e+38 -3.4e+38 -3.4e+38 -0.973738491535187 -0.83570122718811 -0.598995983600616 -0.292588144540787 0.00662332586944103 0.308865249156952 0.606997430324554 -3.4e+38 -3.4e+38 -3.4e+38 -3.4e+38 -3.4e+38 -3.4e+38 -3.4e+38 -3.4e+38 -3.4e+38 -3.4e+38 -3.4e+38 -3.4e+38 -3.4e+38 -3.4e+38 -3.4e+38 -3.4e+38 -3.4e+38 -3.4e+38 -3.4e+38 -3.4e+38 -0.262633919715881 -0.0568846426904202 0.379422724246979 1.12085390090942 1.8855242729187 2.35060596466064 3.03501725196838 3.9005184173584 4.59185028076172 4.86014080047607
-0.901620745658875 -3.4e+38 -3.4e+38 -3.4e+38 -3.4e+38 -3.4e+38 -3.4e+38 -3.4e+38 -3.4e+38 -3.4e+38 -3.4e+38 -3.4e+38 -3.4e+38 -0.450015932321548 -0.80815726518631 -0.658975124359131 -0.464527815580368 -0.162156626582146 0.348181039094925 0.939489841461182 1.50667428970337 2.03754901885986 2.46984577178955 -3.4e+38 -3.4e+38 -3.4e+38 -3.4e+38 -3.4e+38 -3.4e+38 -3.4e+38 -3.4e+38 -3.4e+38 -3.4e+38 -3.4e+38 -3.4e+38 -3.4e+38 -3.4e+38 -3.4e+38 1.04738569259644 1.04374802112579 1.09149587154388 1.52205443382263 2.37598490715027 3.8230447769165 5.33742141723633 6.50143432617188 7.5424599647522 8.14961051940918 8.41692066192627 8.33080959320068 8.1307487487793 4.17848110198975
-3.4e+38 -3.4e+38 -3.4e+38 -3.4e+38 -3.4e+38 -3.4e+38 -3.4e+38 -3.4e+38 -3.4e+38 -3.4e+38 -3.4e+38 -0.690946578979492 -0.635749101638794 -0.55146336555481 -0.405215799808502 -0.136704012751579 0.268776029348373 0.866591572761536 1.75514006614685 2.95030069351196 3.95199084281921 4.57158613204956 4.87083578109741 -3.4e+38 -3.4e+38 -3.4e+38 -3.4e+38 -3.4e+38 -3.4e+38 -3.4e+38 -3.4e+38 -3.4e+38 -3.4e+38 -3.4e+38 -3.4e+38 -3.4e+38 1.38867437839508 1.97832596302032 3.086909532547 4.16417169570923 5.03907775878906 5.9497184753418 7.06114912033081 7.87791728973389 8.38665390014648 8.6851863861084 8.90272045135498 9.08651351928711 9.21659374237061 9.18606662750244 9.07903957366943 9.04568862915039
-0.105917133390903 -0.085728295147419 -0.0876819044351578 -3.4e+38 -3.4e+38 -3.4e+38 -3.4e+38 -3.4e+38 -3.4e+38 -3.4e+38 -3.4e+38 -3.4e+38 -0.245962306857109 -0.0881382972002029 0.159995749592781 0.635560572147369 1.50890445709229 2.89257073402405 4.32770872116089 5.29028654098511 5.82089710235596 6.12466716766357 6.32360887527466 6.38789176940918 -3.4e+38 -3.4e+38 -3.4e+38 -3.4e+38 -3.4e+38 -3.4e+38 -3.4e+38 -3.4e+38 -3.4e+38 -3.4e+38 -3.4e+38 -3.4e+38 3.6302764415741 5.10861301422119 6.16857624053955 6.91714334487915 7.50471258163452 7.98458576202393 8.40523529052734 8.68382930755615 8.91406345367432 9.08042049407959 9.21619892120361 9.37449264526367 9.5085506439209 9.56988716125488 9.57635307312012 9.62262439727783
-3.4e+38 -0.0671108141541481 -0.093707375228405 -0.173784360289574 -0.191424518823624 -0.160561189055443 -3.4e+38 -3.4e+38 -3.4e+38 -3.4e+38 0.0126659609377384 0.0774085745215416 0.214610278606415 0.450230807065964 0.869387269020081 1.71537411212921 3.18149375915527 4.50766944885254 5.29864549636841 5.80396413803101 6.15721464157104 6.3976001739502 6.56916236877441 6.6913800239563 6.73622560501099 -3.4e+38 -3.4e+38 -3.4e+38 -3.4e+38 -3.4e+38 -3.4e+38 -3.4e+38 -3.4e+38 -3.4e+38 -3.4e+38 4.35145139694214 5.69447660446167 6.96223831176758 7.61840963363647 7.99545192718506 8.27047920227051 8.50655174255371 8.7107515335083 8.86741161346436 9.01626586914062 9.1768684387207 9.32398128509521 9.46633338928223 9.62155628204346 9.75369071960449 9.85002613067627 9.95176315307617
-3.4e+38 -3.4e+38 -3.4e+38 -3.4e+38 -3.4e+38 0.194974303245544 0.242240756750107 0.366193801164627 0.46241894364357 0.440105646848679 0.24193486571312 0.291517108678818 0.45422950387001 0.748808681964874 1.34470510482788 2.52948260307312 3.93107295036316 4.91240930557251 5.54400825500488 6.0023946762085 6.32987928390503 6.54453134536743 6.67635250091553 6.75387954711914 6.79464626312256 6.78470039367676 -3.4e+38 -3.4e+38 -3.4e+38 -3.4e+38 -3.4e+38 -3.4e+38 -3.4e+38 -3.4e+38 4.54897546768188 5.66286468505859 6.80752992630005 7.61505460739136 8.02157878875732 8.25569152832031 8.42321872711182 8.57780361175537 8.74936199188232 8.94725799560547 9.15811157226562 9.3682165145874 9.55091285705566 9.68216419219971 9.81334686279297 9.95336437225342 10.085259437561 10.214072227478
-3.4e+38 -3.4e+38 -3.4e+38 -3.4e+38 -3.4e+38 -3.4e+38 -3.4e+38 0.689171433448792 0.685044765472412 0.646911799907684 0.544965147972107 0.464282214641571 0.487912952899933 0.601462423801422 1.02123785018921 2.14773154258728 3.67640447616577 4.81985902786255 5.59184122085571 6.16332721710205 6.52599906921387 6.71421384811401 6.79703998565674 6.83312749862671 6.84954214096069 6.84664678573608 6.81818675994873 6.72627305984497 6.60936307907104 6.56171607971191 -3.4e+38 -3.4e+38 -3.4e+38 -3.4e+38 5.43309116363525 6.47159385681152 7.34760427474976 7.82771348953247 8.04401779174805 8.1643705368042 8.3015251159668 8.50063896179199 8.75319004058838 9.03776359558105 9.32631969451904 9.59216785430908 9.79470252990723 9.93132591247559 10.0522184371948 10.1896190643311 10.342677116394 10.4976329803467
-3.4e+38 -3.4e+38 -3.4e+38 -3.4e+38 -3.4e+38 -3.4e+38 -3.4e+38 0.982084453105927 0.99458509683609 -3.4e+38 -3.4e+38 -3.4e+38 -3.4e+38 0.917796492576599 0.940843343734741 1.43811118602753 2.80490469932556 4.35040187835693 5.42288446426392 6.13366079330444 6.53657150268555 6.71919870376587 6.79889822006226 6.84259462356567 6.87443399429321 6.89870977401733 6.91016626358032 6.89611482620239 6.84448719024658 6.74349498748779 6.57150220870972 6.32946109771729 6.0611629486084 6.03712463378906 6.4443416595459 7.12616491317749 7.56796789169312 7.75823020935059 7.86159133911133 7.98498916625977 8.19238567352295 8.4807014465332 8.82970809936523 9.19965076446533 9.52648162841797 9.79191780090332 9.99764347076416 10.1595811843872 10.309965133667 10.4743900299072 10.6515369415283 10.830530166626
-3.4e+38 -3.4e+38 -3.4e+38 -3.4e+38 -3.4e+38 -3.4e+38 -3.4e+38 -3.4e+38 -3.4e+38 -3.4e+38 -3.4e+38 -3.4e+38 -3.4e+38 -3.4e+38 1.24798202514648 1.55480182170868 2.52095341682434 3.9309778213501 5.06998062133789 5.82023954391479 6.28767204284668 6.55146360397339 6.68953847885132 6.75900793075562 6.8002815246582 6.84352922439575 6.89596080780029 6.94736480712891 6.98229598999023 6.98259735107422 6.9430685043335 6.8838963508606 6.88096141815186 6.9821605682373 7.22026777267456 7.4236478805542 7.52524089813232 7.60664939880371 7.73444700241089 7.94582414627075 8.25330924987793 8.63873958587646 9.06312656402588 9.45865249633789 9.77133083343506 10.0097913742065 10.2082815170288 10.3923301696777 10.5761442184448 10.7665557861328 10.9665107727051 11.1747817993164
-3.4e+38 -3.4e+38 -3.4e+38 -3.4e+38 -3.4e+38 -3.4e+38 -3.4e+38 -3.4e+38 -3.4e+38 -3.4e+38 -3.4e+38 -3.4e+38 -3.4e+38 -3.4e+38 -3.4e+38 1.58047759532928 2.10006642341614 3.2125391960144 4.4226279258728 5.3170919418335 5.93069934844971 6.32810163497925 6.53956079483032 6.63564443588257 6.68322134017944 6.72999286651611 6.79594612121582 6.8791971206665 6.96759366989136 7.04306268692017 7.0923867225647 7.1282320022583 7.16856956481934 7.22039270401001 7.27455186843872 7.33353996276855 7.43479824066162 7.58861541748047 7.80276775360107 8.09440612792969 8.46032428741455 8.8822774887085 9.30875492095947 9.68278026580811 9.9746789932251 10.2031593322754 10.4033699035645 10.6013050079346 10.803804397583 11.0073518753052 11.2140731811523 11.4288768768311
-3.4e+38 -3.4e+38 -3.4e+38 -3.4e+38 -3.4e+38 -3.4e+38 -3.4e+38 -3.4e+38 -3.4e+38 -3.4e+38 -3.4e+38 -3.4e+38 -3.4e+38 -3.4e+38 -3.4e+38 -3.4e+38 2.08665108680725 2.6658091545105 3.5985050201416 4.58306360244751 5.29443550109863 5.78358697891235 6.1290922164917 6.35326242446899 6.48045539855957 6.56545782089233 6.65094041824341 6.74167060852051 6.83220815658569 6.9163990020752 6.98147249221802 7.03090476989746 7.07464504241943 7.12514972686768 7.20505571365356 7.33481454849243 7.52706813812256 7.76525735855103 8.03684902191162 8.34106540679932 8.68998241424561 9.07321739196777 9.45700454711914 9.80159854888916 10.085298538208 10.3223066329956 10.5341939926147 10.7375612258911 10.9423990249634 11.1505794525146 11.3653984069824 11.5937004089355
-3.4e+38 -3.4e+38 -3.4e+38 -3.4e+38 -3.4e+38 -3.4e+38 -3.4e+38 -3.4e+38 -3.4e+38 -3.4e+38 -3.4e+38 -3.4e+38 -3.4e+38 -3.4e+38 -3.4e+38 -3.4e+38 2.49689745903015 2.70391869544983 2.85695123672485 3.24832582473755 3.76064038276672 4.29751539230347 4.92805624008179 5.48669719696045 5.90971755981445 6.22198677062988 6.45731496810913 6.61728858947754 6.71979570388794 6.80226278305054 6.87420272827148 6.94253063201904 7.01699781417847 7.12192726135254 7.27529954910278 7.48614311218262 7.74757766723633 8.03165721893311 8.32409477233887 8.61975765228271 8.93300533294678 9.26964473724365 9.60906219482422 9.91619968414307 10.1776084899902 10.4002389907837 10.6060733795166 10.8024911880493 10.9982481002808 11.1995153427124 11.4218645095825 11.6827001571655
-3.4e+38 -3.4e+38 -3.4e+38 -3.4e+38 -3.4e+38 -3.4e+38 -3.4e+38 -3.4e+38 -3.4e+38 -3.4e+38 -3.4e+38 -3.4e+38 -3.4e+38 -3.4e+38 -3.4e+38 -3.4e+38 -3.4e+38 -3.4e+38 -3.4e+38 3.40089297294617 3.56541180610657 3.75400853157043 4.13866662979126 4.8016791343689 5.47937536239624 5.99851131439209 6.34841012954712 6.56972789764404 6.71225929260254 6.81145191192627 6.89817094802856 6.99138784408569 7.10183334350586 7.24976253509521 7.45367336273193 7.71406030654907 8.01546382904053 8.32306957244873 8.61598491668701 8.89045238494873 9.15899276733398 9.44339942932129 9.73029232025146 9.99435901641846 10.2248363494873 10.4277448654175 10.6128692626953 10.7855195999146 10.9669589996338 11.1800546646118 11.4396133422852 11.7406272888184
-3.4e+38 -3.4e+38 -3.4e+38 -3.4e+38 -3.4e+38 -3.4e+38 -3.4e+38 -3.4e+38 -3.4e+38 -3.4e+38 -3.4e+38 -3.4e+38 -3.4e+38 -3.4e+38 -3.4e+38 -3.4e+38 -3.4e+38 -3.4e+38 -3.4e+38 -3.4e+38 -3.4e+38 4.08524131774902 4.20776557922363 4.62803602218628 5.18529224395752 5.72456359863281 6.15149545669556 6.45527267456055 6.67819547653198 6.85057497024536 6.98502969741821 7.10877704620361 7.24679613113403 7.42037200927734 7.64742136001587 7.93151092529297 8.25387191772461 8.57943248748779 8.88459491729736 9.15833759307861 9.39866352081299 9.63440322875977 9.86371231079102 10.0718717575073 10.2556638717651 10.4192743301392 10.5716896057129 10.7285165786743 10.9103975296021 11.1374158859253 11.4227294921875 11.7549962997437
-3.4e+38 -3.4e+38 -3.4e+38 -3.4e+38 -3.4e+38 -3.4e+38 -3.4e+38 -3.4e+38 -3.4e+38 -3.4e+38 -3.4e+38 -3.4e+38 -3.4e+38 -3.4e+38 -3.4e+38 -3.4e+38 -3.4e+38 -3.4e+38 -3.4e+38 -3.4e+38 -3.4e+38 4.53773069381714 4.4542932510376 4.57000160217285 4.91020011901855 5.38781213760376 5.84478664398193 6.22525215148926 6.54020404815674 6.79986667633057 7.01325511932373 7.19893741607666 7.37753534317017 7.57301616668701 7.8000226020813 8.07302474975586 8.37944984436035 8.69788360595703 9.00422382354736 9.2864294052124 9.53533935546875 9.75364589691162 9.9437084197998 10.1040382385254 10.2559652328491 10.4120483398438 10.5775079727173 10.7618465423584 10.9677114486694 11.1956548690796 11.4488439559937 11.7251968383789
-3.4e+38 -3.4e+38 -3.4e+38 -3.4e+38 -3.4e+38 -3.4e+38 -3.4e+38 -3.4e+38 -3.4e+38 -3.4e+38 -3.4e+38 -3.4e+38 -3.4e+38 -3.4e+38 -3.4e+38 -3.4e+38 -3.4e+38 -3.4e+38 -3.4e+38 -3.4e+38 -3.4e+38 4.97831010818481 4.86704587936401 4.84731340408325 4.97165489196777 5.28055000305176 5.68402528762817 6.05854225158691 6.37198543548584 6.65746164321899 6.9421238899231 7.2078161239624 7.44232940673828 7.67002153396606 7.91063785552979 8.17035007476807 8.44267749786377 8.71240425109863 8.98056316375732 9.24466705322266 9.49744606018066 9.73247718811035 9.95525741577148 10.1708898544312 10.3836851119995 10.5956583023071 10.8199605941772 11.0659675598145 11.3169136047363 11.5574932098389 11.7859907150269 12.0066633224487
-3.4e+38 -3.4e+38 -3.4e+38 -3.4e+38 -3.4e+38 -3.4e+38 -3.4e+38 -3.4e+38 -3.4e+38 -3.4e+38 -3.4e+38 -3.4e+38 -3.4e+38 -3.4e+38 -3.4e+38 -3.4e+38 -3.4e+38 -3.4e+38 -3.4e+38 -3.4e+38 -3.4e+38 5.54558897018433 5.41948795318604 5.3413233757019 5.32329416275024 5.48181200027466 5.79752635955811 6.14161109924316 6.45041370391846 6.72155714035034 6.96810531616211 7.19704818725586 7.42726612091064 7.69117736816406 7.99380731582642 8.32144737243652 8.64131355285645 8.93126010894775 9.18227005004883 9.42065048217773 9.67257881164551 9.95119094848633 10.2514896392822 10.5674095153809 10.8874635696411 11.1947069168091 11.4816837310791 11.7609004974365 12.0311393737793 12.2618560791016 12.4403457641602 12.5904970169067
-3.4e+38 -3.4e+38 -3.4e+38 -3.4e+38 -3.4e+38 -3.4e+38 -3.4e+38 -3.4e+38 -3.4e+38 -3.4e+38 6.24723958969116 6.31111335754395 6.3620810508728 6.40842056274414 6.51305389404297 6.6786847114563 6.85389232635498 -3.4e+38 -3.4e+38 -3.4e+38 -3.4e+38 -3.4e+38 -3.4e+38 5.99410152435303 5.80938291549683 5.75777864456177 5.94289970397949 6.22299671173096 6.47298049926758 6.68617153167725 6.87388706207275 7.06090307235718 7.30056190490723 7.63434505462646 8.06698036193848 8.56292343139648 9.04010200500488 9.44427871704102 9.77112197875977 10.0269012451172 10.2658910751343 10.5530071258545 10.9080371856689 11.322772026062 11.7813892364502 12.2359476089478 12.6101751327515 12.8703784942627 13.0520114898682 13.1882305145264 13.275839805603 13.3296995162964
-3.4e+38 -3.4e+38 -3.4e+38 -3.4e+38 -3.4e+38 -3.4e+38 -3.4e+38 -3.4e+38 -3.4e+38 -3.4e+38 -3.4e+38 -3.4e+38 6.85480642318726 6.82470798492432 6.91622352600098 7.07150554656982 -3.4e+38 -3.4e+38 -3.4e+38 -3.4e+38 -3.4e+38 -3.4e+38 -3.4e+38 -3.4e+38 6.68463802337646 6.45682048797607 6.29957437515259 6.34371566772461 6.53723573684692 6.77396059036255 6.99502420425415 7.18282890319824 7.39694738388062 7.75468587875366 8.29672718048096 8.98100280761719 9.60698223114014 10.1081037521362 10.5387706756592 10.8633031845093 11.1195888519287 11.4139404296875 11.8011741638184 12.2768421173096 12.8179397583008 13.3565635681152 13.7743463516235 13.9947738647461 14.0605392456055 14.0720233917236 14.0697135925293 14.0551652908325
-3.4e+38 -3.4e+38 -3.4e+38 -3.4e+38 -3.4e+38 -3.4e+38 -3.4e+38 -3.4e+38 -3.4e+38 -3.4e+38 -3.4e+38 -3.4e+38 7.44374418258667 7.43211841583252 7.54944181442261 7.72372674942017 -3.4e+38 -3.4e+38 -3.4e+38 -3.4e+38 -3.4e+38 -3.4e+38 -3.4e+38 -3.4e+38 7.55530214309692 7.56128358840942 7.4045238494873 7.07627868652344 7.03283452987671 7.31742000579834 7.59936666488647 7.7730541229248 7.99873161315918 8.48344898223877 9.23485088348389 10.0599117279053 10.6461696624756 11.0839796066284 11.5237407684326 11.8722057342529 12.1309719085693 12.4357204437256 12.848295211792 13.3443088531494 13.8760213851929 14.3672494888306 14.71702003479 14.8707208633423 14.8665943145752 14.8087425231934 14.7523784637451 14.7042894363403
-3.4e+38 -3.4e+38 -3.4e+38 -3.4e+38 -3.4e+38 -3.4e+38 -3.4e+38 -3.4e+38 -3.4e+38 -3.4e+38 -3.4e+38 -3.4e+38 -3.4e+38 -3.4e+38 -3.4e+38 -3.4e+38 -3.4e+38 9.41818428039551 10.061749458313 10.2702264785767 10.0903654098511 9.81196689605713 9.34215545654297 8.80314540863037 8.63561153411865 8.66958999633789 8.49230575561523 8.15399360656738 8.14466381072998 8.62163162231445 9.14893817901611 9.39307594299316 9.68922805786133 10.4844903945923 11.39453125 11.9552993774414 12.2386302947998 12.4691095352173 12.7532138824463 13.0388193130493 13.3253040313721 13.6779136657715 14.1167421340942 14.5956125259399 15.0363340377808 15.3654041290283 15.5427465438843 15.5768899917603 15.5172700881958 15.4321699142456 15.3570098876953 15.3044738769531
-3.4e+38 -3.4e+38 -3.4e+38 -3.4e+38 -3.4e+38 -3.4e+38 -3.4e+38 -3.4e+38 -3.4e+38 -3.4e+38 -3.4e+38 -3.4e+38 -3.4e+38 -3.4e+38 -3.4e+38 -3.4e+38 10.5054807662964 10.9192333221436 11.4372777938843 11.5950107574463 11.3040599822998 10.8701210021973 10.5695772171021 10.3544483184814 10.2791633605957 10.0650777816772 9.62886428833008 9.40155124664307 9.80206871032715 10.6400108337402 11.2492752075195 11.4741010665894 11.9462585449219 12.8710298538208 13.6229515075684 13.9041891098022 13.9399576187134 13.9776306152344 14.0857858657837 14.2781677246094 14.5602874755859 14.9312801361084 15.3723230361938 15.8037528991699 16.1207523345947 16.2710437774658 16.2749252319336 16.1887588500977 16.0798377990723 15.9940624237061 15.9283237457275 15.8791399002075
-3.4e+38 -3.4e+38 -3.4e+38 -3.4e+38 -3.4e+38 -3.4e+38 -3.4e+38 -3.4e+38 -3.4e+38 -3.4e+38 -3.4e+38 -3.4e+38 -3.4e+38 -3.4e+38 14.0231504440308 13.2419281005859 13.0914115905762 13.4053955078125 13.7276611328125 13.728627204895 13.3971996307373 12.9128494262695 12.489559173584 12.1024198532104 11.9067287445068 11.5411348342896 11.031813621521 11.0743598937988 11.9369926452637 12.9735355377197 13.5210256576538 13.6781549453735 13.9862451553345 14.5742931365967 15.0806303024292 15.2874517440796 15.2751846313477 15.2627754211426 15.3196640014648 15.4464244842529 15.6439952850342 15.9301719665527 16.294282913208 16.6454315185547 16.8693428039551 16.9239253997803 16.8496284484863 16.718786239624 16.604907989502 16.5298824310303 16.4659900665283 16.4157791137695
