AnalysisFolder/EnvironmentalData/Present/tavg.asc
NCOLS 360 
NROWS 90 
XLLCORNER -180 
YLLCORNER 0 
CELLSIZE 1 
NODATA_value -3.4e+38 
[rows 46 to 68 of 90, columns 0 to 51 of 360]
9.965895652771 10.0162286758423 10.0717668533325 10.135199546814 10.2015857696533 10.2656898498535 10.3288860321045 10.393009185791 10.4607162475586 10.5262222290039 10.5910511016846 10.6579904556274 10.7268342971802 10.7933969497681 10.8582420349121 10.9333047866821 11.0120582580566 11.0873928070068 11.163444519043 11.2437286376953 11.3263273239136 11.4080324172974 11.4842529296875 11.5605735778809 11.6395072937012 11.7271289825439 11.8195753097534 11.9122152328491 12.0071477890015 12.1073904037476 12.2083463668823 12.3144474029541 12.4217891693115 12.5292053222656 12.6358098983765 12.743239402771 12.8528547286987 12.9680604934692 13.0805749893188 13.1908044815063 13.3066177368164 13.418568611145 13.523232460022 13.6197681427002 13.7054615020752 13.7764234542847 13.8315916061401 13.8657569885254 13.8667755126953 13.8190670013428 13.7183952331543 13.5759592056274
10.8558359146118 10.8829212188721 10.9166603088379 10.9564037322998 11.0009851455688 11.0493717193604 11.0982093811035 11.1452236175537 11.1971778869629 11.2486991882324 11.3014822006226 11.358078956604 11.4170598983765 11.4740114212036 11.5291366577148 11.5977163314819 11.6676826477051 11.7345886230469 11.8045768737793 11.8790082931519 11.9544639587402 12.0281009674072 12.1015090942383 12.1784210205078 12.2541255950928 12.3358688354492 12.4231748580933 12.5117797851562 12.6008243560791 12.6950826644897 12.7974138259888 12.8999443054199 12.9992218017578 13.1020965576172 13.2064304351807 13.3099660873413 13.4144258499146 13.5211343765259 13.6254768371582 13.7250518798828 13.8212194442749 13.9154043197632 14.0048484802246 14.086893081665 14.1574096679688 14.2096290588379 14.2391843795776 14.2502756118774 14.2174596786499 14.1360845565796 13.994234085083 13.7986936569214
11.7762985229492 11.7830686569214 11.7996187210083 11.8217000961304 11.8458194732666 11.8710870742798 11.8981857299805 11.9262113571167 11.9619932174683 12.0029954910278 12.045636177063 12.0916175842285 12.1381855010986 12.1823663711548 12.2294464111328 12.289834022522 12.35289478302 12.4098491668701 12.4700489044189 12.5374116897583 12.6075868606567 12.6754083633423 12.7438478469849 12.8168487548828 12.8876619338989 12.9628973007202 13.0461645126343 13.1351022720337 13.2223567962646 13.308614730835 13.4031476974487 13.498104095459 13.5935707092285 13.6931810379028 13.7921590805054 13.8895483016968 13.9879789352417 14.0870523452759 14.1827220916748 14.2729530334473 14.3572940826416 14.4318981170654 14.4975852966309 14.5590200424194 14.6100482940674 14.6413745880127 14.6460285186768 14.6206769943237 14.5538988113403 14.4395380020142 14.2588052749634 14.0255880355835
12.7117185592651 12.6965560913086 12.6941699981689 12.6981363296509 12.7037229537964 12.7108144760132 12.720911026001 12.7325897216797 12.7509832382202 12.7792110443115 12.8111696243286 12.8442249298096 12.8800029754639 12.9189405441284 12.9611892700195 13.009352684021 13.0614852905273 13.1104459762573 13.1608190536499 13.218487739563 13.2785749435425 13.3372993469238 13.3981838226318 13.4669370651245 13.5420913696289 13.6134777069092 13.6912136077881 13.774603843689 13.8572025299072 13.9388856887817 14.024600982666 14.1136980056763 14.2005033493042 14.2920742034912 14.3837642669678 14.4713459014893 14.5609083175659 14.6514892578125 14.7375154495239 14.8156576156616 14.8858728408813 14.9450817108154 14.9919891357422 15.0322427749634 15.0578155517578 15.0629940032959 15.038703918457 14.9755191802979 14.8705987930298 14.7181091308594 14.4998788833618 14.2379341125488
13.6201276779175 13.5891380310059 13.5671463012695 13.5533084869385 13.5457363128662 13.5424795150757 13.540843963623 13.5385227203369 13.5440282821655 13.5641098022461 13.5972509384155 13.6227054595947 13.6439971923828 13.6691694259644 13.700662612915 13.7396087646484 13.7811136245728 13.8188390731812 13.8586711883545 13.9081544876099 13.962574005127 14.0165100097656 14.0717506408691 14.1348390579224 14.20348072052 14.2745742797852 14.3468742370605 14.4207410812378 14.4950370788574 14.5711259841919 14.6498022079468 14.7309274673462 14.8160209655762 14.9050254821777 14.983229637146 15.0607099533081 15.1409330368042 15.2209053039551 15.2940893173218 15.3569631576538 15.410325050354 15.4524517059326 15.4834566116333 15.5011444091797 15.5006322860718 15.4746255874634 15.4146842956543 15.3134336471558 15.1656579971313 14.9666080474854 14.7127265930176 14.4151411056519
14.477557182312 14.4384279251099 14.4065608978271 14.3835115432739 14.3677845001221 14.3577547073364 14.349778175354 14.3386669158936 14.3284091949463 14.3367567062378 14.3578433990479 14.3752107620239 14.38916015625 14.4050178527832 14.426061630249 14.4528932571411 14.4855432510376 14.5167942047119 14.5525207519531 14.594822883606 14.6428031921387 14.6931247711182 14.7454147338867 14.8023824691772 14.8635663986206 14.9259786605835 14.9929723739624 15.062445640564 15.1331644058228 15.2049970626831 15.2794694900513 15.3559017181396 15.4324007034302 15.5114660263062 15.5827989578247 15.6537790298462 15.7214078903198 15.7871341705322 15.8466339111328 15.8940343856812 15.9279708862305 15.9521617889404 15.9680309295654 15.9587354660034 15.9326648712158 15.8798666000366 15.7899141311646 15.6547288894653 15.4703178405762 15.2367286682129 14.9580135345459 14.6521615982056
15.2840175628662 15.2384777069092 15.2033643722534 15.175708770752 15.1524972915649 15.1345872879028 15.1209144592285 15.1072101593018 15.0922756195068 15.0888996124268 15.0968379974365 15.1050262451172 15.1126079559326 15.1237335205078 15.139778137207 15.1597738265991 15.1832695007324 15.2027502059937 15.2375068664551 15.2750253677368 15.3144731521606 15.3575868606567 15.4057474136353 15.4583282470703 15.51478099823 15.5787487030029 15.6400413513184 15.7053308486938 15.7710933685303 15.8385744094849 15.9092283248901 15.9801645278931 16.0485916137695 16.1159973144531 16.1785469055176 16.2376670837402 16.2968406677246 16.3502388000488 16.3947105407715 16.4251308441162 16.4410438537598 16.4474697113037 16.4420738220215 16.4166641235352 16.368616104126 16.2951793670654 16.1854515075684 16.0319881439209 15.8320865631104 15.5887432098389 15.3127479553223 15.0257120132446
16.0405883789062 15.9932460784912 15.956748008728 15.921516418457 15.8971796035767 15.8825340270996 15.8714570999146 15.8577861785889 15.8401746749878 15.8305606842041 15.8291873931885 15.8258752822876 15.8267841339111 15.8311634063721 15.8394403457642 15.8536682128906 15.8728656768799 15.889835357666 15.9171409606934 15.9481296539307 15.9833078384399 16.0238952636719 16.0688552856445 16.1173648834229 16.1702404022217 16.2289581298828 16.2890491485596 16.3533210754395 16.4153823852539 16.4764575958252 16.5362892150879 16.5954399108887 16.6546878814697 16.7138442993164 16.7703151702881 16.8227214813232 16.8727684020996 16.9136600494385 16.9433326721191 16.9606094360352 16.9614143371582 16.9459915161133 16.9192600250244 16.881326675415 16.8195571899414 16.7313671112061 16.6097164154053 16.4483318328857 16.247932434082 16.0128498077393 15.7509765625 15.4782762527466
16.7689933776855 16.7243518829346 16.6891040802002 16.6592769622803 16.6403484344482 16.6288452148438 16.6165618896484 16.5977115631104 16.5734119415283 16.5535659790039 16.5433006286621 16.5357456207275 16.530574798584 16.5291309356689 16.5326747894287 16.5430564880371 16.5596389770508 16.5775680541992 16.5993423461914 16.62575340271 16.6584529876709 16.6965160369873 16.7372951507568 16.7806549072266 16.8275051116943 16.8790988922119 16.9355144500732 16.9942779541016 17.0514316558838 17.1045722961426 17.1565856933594 17.208797454834 17.2614860534668 17.3137435913086 17.3638668060303 17.4107475280762 17.4508857727051 17.478645324707 17.4923782348633 17.4907341003418 17.4749031066895 17.4463691711426 17.4058303833008 17.3522930145264 17.2791404724121 17.1763114929199 17.0461883544922 16.8827514648438 16.6857318878174 16.4584083557129 16.2078456878662 15.9464530944824
17.484245300293 17.4393978118896 17.4070606231689 17.3851509094238 17.3710289001465 17.3581581115723 17.3392448425293 17.3121719360352 17.2823276519775 17.258960723877 17.2455253601074 17.2367610931396 17.2288856506348 17.2239780426025 17.2246284484863 17.232364654541 17.2467403411865 17.264986038208 17.2836647033691 17.3047103881836 17.331916809082 17.3642749786377 17.3994235992432 17.438346862793 17.4821014404297 17.5303993225098 17.5828456878662 17.6382179260254 17.6904182434082 17.7383003234863 17.7855434417725 17.8322010040283 17.8779563903809 17.9205322265625 17.9572429656982 17.9898700714111 18.0154094696045 18.0286083221436 18.0275592803955 18.011157989502 17.9805755615234 17.9386787414551 17.8855381011963 17.8169574737549 17.729642868042 17.6130352020264 17.4713764190674 17.3040332794189 17.1080932617188 16.8874244689941 16.6487350463867 16.4025783538818
18.1889457702637 18.145227432251 18.1050930023193 18.0842475891113 18.0768032073975 18.067195892334 18.048957824707 18.0215339660645 17.9899501800537 17.9633846282959 17.9463710784912 17.9333267211914 17.9221973419189 17.9141941070557 17.9117374420166 17.9154586791992 17.9259166717529 17.9421997070312 17.9595813751221 17.9774990081787 18.0044708251953 18.0353107452393 18.067798614502 18.1037693023682 18.1448307037354 18.189826965332 18.2363300323486 18.2848091125488 18.330638885498 18.3733158111572 18.4137954711914 18.4512825012207 18.4855480194092 18.5162734985352 18.5412826538086 18.5588703155518 18.5683765411377 18.5647449493408 18.5487594604492 18.5178184509277 18.4735126495361 18.4172019958496 18.3480548858643 18.2630634307861 18.1590042114258 18.0324459075928 17.8822269439697 17.7092609405518 17.5161113739014 17.3043518066406 17.0785598754883 16.8477230072021
18.9050178527832 18.8676776885986 18.8174324035645 18.7833385467529 18.7696990966797 18.7609596252441 18.7440662384033 18.7155361175537 18.6815528869629 18.6522731781006 18.6321353912354 18.6141605377197 18.6023120880127 18.5958347320557 18.5948028564453 18.5987300872803 18.6081523895264 18.6227684020996 18.6398677825928 18.660135269165 18.6839847564697 18.7144222259521 18.7439613342285 18.7741146087646 18.8082828521729 18.8462162017822 18.8849945068359 18.9244441986084 18.9635848999023 18.9988059997559 19.0307636260986 19.0599460601807 19.0842590332031 19.1022548675537 19.1123046875 19.1127948760986 19.1050338745117 19.0859775543213 19.0517463684082 19.0045852661133 18.9452629089355 18.873462677002 18.7885189056396 18.6888790130615 18.5727443695068 18.4401435852051 18.2862377166748 18.1107921600342 17.9222965240479 17.7191371917725 17.5056228637695 17.2891120910645
19.6143436431885 19.5862941741943 19.538646697998 19.4873466491699 19.454927444458 19.43678855896 19.4187068939209 19.393159866333 19.3624477386475 19.3338832855225 19.3122043609619 19.2962703704834 19.2855091094971 19.2810134887695 19.2812843322754 19.2856025695801 19.29368019104 19.3055896759033 19.3214359283447 19.3405265808105 19.3600406646729 19.3849315643311 19.4099597930908 19.4358444213867 19.4649028778076 19.4972133636475 19.5310497283936 19.5654296875 19.5975646972656 19.623664855957 19.645149230957 19.6616287231445 19.6721801757812 19.6743297576904 19.6665458679199 19.648567199707 19.6201496124268 19.5808582305908 19.5282821655273 19.4672031402588 19.3941535949707 19.3085193634033 19.2112445831299 19.1002807617188 18.9731025695801 18.8320980072021 18.6798267364502 18.5083808898926 18.3218116760254 18.1246032714844 17.9231052398682 17.7225360870361
20.3142471313477 20.2847461700439 20.2408428192139 20.1852416992188 20.1432476043701 20.1171722412109 20.0960865020752 20.0714340209961 20.0431308746338 20.016357421875 19.9946670532227 19.9788360595703 19.9701347351074 19.9648666381836 19.9645118713379 19.967586517334 19.9740200042725 19.9839649200439 19.9971523284912 20.0139122009277 20.0327949523926 20.0528926849365 20.0743160247803 20.096586227417 20.1215152740479 20.1489887237549 20.1768836975098 20.2026042938232 20.2230110168457 20.2337112426758 20.2400283813477 20.2404098510742 20.2340698242188 20.218147277832 20.1918907165527 20.1553764343262 20.1071453094482 20.048921585083 19.979434967041 19.9009380340576 19.8137264251709 19.7172203063965 19.6100845336914 19.4910373687744 19.359468460083 19.2156715393066 19.0585079193115 18.8860626220703 18.7011222839355 18.5123977661133 18.3234596252441 18.1387329101562
21.0152320861816 20.9758262634277 20.9307270050049 20.8814525604248 20.8378238677979 20.8052196502686 20.7779903411865 20.7501125335693 20.7223167419434 20.6989517211914 20.6814975738525 20.6680755615234 20.6590251922607 20.6537570953369 20.6527118682861 20.6545257568359 20.6597480773926 20.6696186065674 20.6831684112549 20.6973400115967 20.7125148773193 20.7272205352783 20.7416343688965 20.7564277648926 20.7720623016357 20.7894649505615 20.8058834075928 20.8168029785156 20.8219585418701 20.8188972473145 20.8075637817383 20.7892189025879 20.7625579833984 20.7274837493896 20.6833896636963 20.6283950805664 20.5614986419678 20.4845886230469 20.4003753662109 20.3080730438232 20.2056541442871 20.0953731536865 19.9776554107666 19.8523025512695 19.7175979614258 19.5708446502686 19.4119701385498 19.2402591705322 19.061731338501 18.8845672607422 18.7090358734131 18.5386219024658
21.7081699371338 21.665958404541 21.6236839294434 21.58323097229 21.5428428649902 21.5062580108643 21.4742641448975 21.4440383911133 21.4166622161865 21.3948345184326 21.3790397644043 21.3675365447998 21.3565692901611 21.3517646789551 21.349739074707 21.347749710083 21.3481216430664 21.3532886505127 21.3623313903809 21.3717594146729 21.3806591033936 21.3887310028076 21.3950634002686 21.4007225036621 21.4049587249756 21.4089260101318 21.4106960296631 21.4052181243896 21.3907566070557 21.3733577728271 21.3430156707764 21.305570602417 21.2593078613281 21.2041301727295 21.1404628753662 21.0679950714111 20.9861125946045 20.8953399658203 20.7970142364502 20.6906547546387 20.5710926055908 20.4486789703369 20.3228530883789 20.1900367736816 20.0470447540283 19.8942642211914 19.736946105957 19.5714721679688 19.4020824432373 19.2376766204834 19.0777168273926 18.9244365692139
22.3931064605713 22.3532962799072 22.3168601989746 22.2791938781738 22.241979598999 22.2053356170654 22.1700077056885 22.1380996704102 22.112211227417 22.091287612915 22.0719318389893 22.054615020752 22.0398788452148 22.0325241088867 22.0274810791016 22.0206508636475 22.0154418945312 22.0149059295654 22.0179843902588 22.0209579467773 22.0222854614258 22.0232963562012 22.0196895599365 22.0133972167969 22.0044403076172 21.9913730621338 21.9738750457764 21.9507141113281 21.9195671081543 21.8812980651855 21.8321666717529 21.7761058807373 21.7121028900146 21.6410999298096 21.5627040863037 21.4760990142822 21.3814086914062 21.279670715332 21.1704025268555 21.0526180267334 20.9218711853027 20.7899131774902 20.6545886993408 20.5119647979736 20.3609619140625 20.2051563262939 20.0496597290039 19.8904705047607 19.7325057983398 19.5797100067139 19.4340515136719 19.2974834442139
23.0528545379639 23.0122852325439 22.9752502441406 22.9371528625488 22.9019260406494 22.8687038421631 22.8358993530273 22.8058433532715 22.7865676879883 22.7703227996826 22.7441349029541 22.7156543731689 22.6920280456543 22.6780128479004 22.6671867370605 22.6556339263916 22.6451454162598 22.6371746063232 22.6310482025146 22.6244373321533 22.6151161193848 22.6065063476562 22.5909767150879 22.5711860656738 22.5461654663086 22.515645980835 22.4797325134277 22.4384574890137 22.3910884857178 22.3358955383301 22.2717151641846 22.2018299102783 22.1247882843018 22.0417747497559 21.9528694152832 21.8570709228516 21.7541465759277 21.6447315216064 21.5278568267822 21.4039192199707 21.2685623168945 21.1304988861084 20.9875545501709 20.8381462097168 20.6828956604004 20.5249786376953 20.3684940338135 20.2156314849854 20.0636978149414 19.9188842773438 19.7856750488281 19.6639080047607
23.66233253479 23.6202907562256 23.5823764801025 23.5442504882812 23.5096073150635 23.4787445068359 23.4471454620361 23.4175205230713 23.4046592712402 23.3935298919678 23.3610820770264 23.3224220275879 23.2898349761963 23.2681465148926 23.2497997283936 23.2322902679443 23.2147026062012 23.197395324707 23.1796073913574 23.1602077484131 23.1384239196777 23.1166172027588 23.0881633758545 23.0562133789062 23.0184707641602 22.9747772216797 22.9256362915039 22.8709526062012 22.8103981018066 22.7441177368164 22.6682186126709 22.5890827178955 22.5034465789795 22.4123935699463 22.31711769104 22.2158527374268 22.1078586578369 21.9945125579834 21.874641418457 21.7458114624023 21.6085071563721 21.466890335083 21.3222255706787 21.1732063293457 21.0191745758057 20.8621711730957 20.7057209014893 20.5524768829346 20.4067344665527 20.2712821960449 20.1480236053467 20.0382461547852
24.2039489746094 24.161262512207 24.1223106384277 24.08424949646 24.0493717193604 24.0178318023682 23.9856700897217 23.9532909393311 23.9249210357666 23.8982276916504 23.868896484375 23.83957862854 23.8121490478516 23.7863540649414 23.762134552002 23.7386817932129 23.7112045288086 23.6820335388184 23.6531581878662 23.623083114624 23.5902156829834 23.5558052062988 23.5162620544434 23.4729290008545 23.4243774414062 23.3711681365967 23.3138637542725 23.2521533966064 23.1850337982178 23.111608505249 23.0309219360352 22.9456253051758 22.8557262420654 22.7599678039551 22.6597900390625 22.5546474456787 22.4441299438477 22.3287734985352 22.207633972168 22.0779228210449 21.9438934326172 21.8068180084229 21.6658782958984 21.521671295166 21.374792098999 21.2247180938721 21.0719623565674 20.9217395782471 20.7831573486328 20.6541385650635 20.5418319702148 20.4439067840576
24.672981262207 24.6312084197998 24.5908832550049 24.5512676239014 24.5166683197021 24.4821949005127 24.449369430542 24.4152374267578 24.3813667297363 24.3489570617676 24.3172760009766 24.2858409881592 24.2572822570801 24.2284336090088 24.2007827758789 24.1753044128418 24.1385498046875 24.0984077453613 24.0594367980957 24.0189552307129 23.9765853881836 23.9319610595703 23.8821887969971 23.8271007537842 23.7679767608643 23.7091312408447 23.6502666473389 23.5886726379395 23.5215492248535 23.446985244751 23.3651504516602 23.2783470153809 23.1847610473633 23.0874881744385 22.9851093292236 22.8779354095459 22.7671871185303 22.6529350280762 22.5336933135986 22.4105567932129 22.2803039550781 22.1483707427979 22.0145511627197 21.8780670166016 21.7399864196777 21.6004600524902 21.4605655670166 21.3254470825195 21.1982498168945 21.0819473266602 20.9788284301758 20.8906211853027
25.0756092071533 25.034387588501 24.9938831329346 24.9532432556152 24.916898727417 24.8821201324463 24.8468704223633 24.8106231689453 24.7752017974854 24.7408008575439 24.7066955566406 24.6730346679688 24.6400375366211 24.605073928833 24.5706043243408 24.534725189209 24.496898651123 24.4566631317139 24.4129695892334 24.3653602600098 24.3153038024902 24.2638034820557 24.2051582336426 24.1336479187012 24.0584163665771 23.995885848999 23.9430904388428 23.8894786834717 23.8276958465576 23.7562236785889 23.6750659942627 23.5896415710449 23.4978351593018 23.4020214080811 23.3012065887451 23.1965560913086 23.08860206604 22.9780044555664 22.8659591674805 22.7487201690674 22.6289596557617 22.5036678314209 22.377857208252 22.2502288818359 22.122501373291 21.9959716796875 21.872407913208 21.7555408477783 21.6447982788086 21.5438003540039 21.4525337219238 21.3783664703369
25.4242115020752 25.3838596343994 25.3442573547363 25.3052272796631 25.2676753997803 25.2302436828613 25.1946792602539 25.1594886779785 25.1243877410889 25.0894298553467 25.0546188354492 25.0198554992676 24.984655380249 24.9470500946045 24.910737991333 24.8728199005127 24.8330154418945 24.7921867370605 24.7501125335693 24.706729888916 24.6630706787109 24.6180534362793 24.5590953826904 24.452184677124 24.3143539428711 24.2323741912842 24.1951198577881 24.1625099182129 24.1122779846191 24.0458297729492 23.9696102142334 23.887638092041 23.7992782592773 23.7072334289551 23.6117897033691 23.5139408111572 23.4135150909424 23.3109722137451 23.2074146270752 23.0995864868164 22.9910449981689 22.876443862915 22.763765335083 22.6501274108887 22.5362987518311 22.4241924285889 22.3166732788086 22.2165718078613 22.1209506988525 22.0363655090332 21.9584674835205 21.8989028930664
