AnalysisFolder/EnvironmentalData/Present/tavg.asc
NCOLS 360 
NROWS 90 
XLLCORNER -180 
YLLCORNER 0 
CELLSIZE 1 
NODATA_value -3.4e+38 
[rows 0 to 22 of 90, columns 52 to 103 of 360]
-1.78131973743439 -1.78132665157318 -1.78133344650269 -1.78134036064148 -1.78134727478027 -1.78135406970978 -1.78136086463928 -1.78136777877808 -1.78137457370758 -1.78138148784637 -1.78138828277588 -1.78139507770538 -1.78140187263489 -1.78140866756439 -1.7814154624939 -1.7814222574234 -1.78142905235291 -1.78143584728241 -1.78144264221191 -1.78144943714142 -1.78145623207092 -1.78146290779114 -1.78146970272064 -1.78147649765015 -1.78148317337036 -1.78148996829987 -1.78149664402008 -1.78150343894958 -1.7815101146698 -1.78151679039001 -1.78152358531952 -1.78153026103973 -1.78153693675995 -1.78154361248016 -1.78154516220093 -1.78154230117798 -1.78153944015503 -1.78153645992279 -1.78153467178345 -1.78153347969055 -1.78153228759766 -1.78153097629547 -1.78152966499329 -1.7815283536911 -1.78152692317963 -1.78152549266815 -1.78152406215668 -1.7815226316452 -1.78152108192444 -1.78151953220367 -1.78151798248291 -1.78151643276215
-1.78225862979889 -1.78227806091309 -1.78229737281799 -1.78231680393219 -1.78233623504639 -1.78235566616058 -1.78237509727478 -1.78239464759827 -1.78241407871246 -1.78243362903595 -1.78245329856873 -1.78247284889221 -1.78249251842499 -1.78251218795776 -1.7825243473053 -1.78253412246704 -1.78254365921021 -1.78255307674408 -1.78256213665009 -1.7825710773468 -1.78257977962494 -1.7825882434845 -1.78259658813477 -1.78260469436646 -1.78261256217957 -1.7826201915741 -1.78262770175934 -1.78263485431671 -1.78264200687408 -1.7826486825943 -1.78265476226807 -1.78266072273254 -1.78266632556915 -1.78267180919647 -1.78267705440521 -1.78268206119537 -1.78268694877625 -1.78269159793854 -1.78269600868225 -1.78269279003143 -1.78268873691559 -1.78268444538116 -1.78267955780029 -1.78267419338226 -1.78266847133636 -1.78266251087189 -1.78265631198883 -1.78264999389648 -1.78264331817627 -1.78263640403748 -1.78262889385223 -1.78262066841125
-1.78288161754608 -1.78291296958923 -1.78294444084167 -1.78297591209412 -1.78300750255585 -1.78303909301758 -1.78307092189789 -1.7831027507782 -1.78313457965851 -1.7831666469574 -1.78319871425629 -1.78322672843933 -1.78324747085571 -1.78326797485352 -1.78328835964203 -1.78330862522125 -1.78332889080048 -1.78334891796112 -1.78336882591248 -1.78338861465454 -1.78340828418732 -1.7834278345108 -1.783447265625 -1.7834666967392 -1.78348588943481 -1.7834986448288 -1.78350305557251 -1.78350746631622 -1.78351163864136 -1.78351509571075 -1.78351831436157 -1.78352153301239 -1.78352439403534 -1.78352725505829 -1.78352987766266 -1.78353238105774 -1.78353464603424 -1.78353655338287 -1.78353798389435 -1.78353941440582 -1.78353571891785 -1.78352224826813 -1.78350901603699 -1.78349602222443 -1.783482670784 -1.78346955776215 -1.78345668315887 -1.78344392776489 -1.78343152999878 -1.78341853618622 -1.78340566158295 -1.78339278697968
-1.78330862522125 -1.78336250782013 -1.78340446949005 -1.78344643115997 -1.78348863124847 -1.78353083133698 -1.78357326984406 -1.78361570835114 -1.78365838527679 -1.78370118141174 -1.78374421596527 -1.78378462791443 -1.78381192684174 -1.78383922576904 -1.78386640548706 -1.78389358520508 -1.7839207649231 -1.78394782543182 -1.78397488594055 -1.78400194644928 -1.78402888774872 -1.78404915332794 -1.78405714035034 -1.78406524658203 -1.78407335281372 -1.7840815782547 -1.78408968448639 -1.78409790992737 -1.78410601615906 -1.78411412239075 -1.78412187099457 -1.78411972522736 -1.784099817276 -1.78408110141754 -1.78406357765198 -1.7840473651886 -1.78403222560883 -1.7840176820755 -1.78400409221649 -1.7839914560318 -1.78397965431213 -1.78396880626678 -1.78395009040833 -1.7839252948761 -1.783900141716 -1.78387439250946 -1.7838476896286 -1.78381991386414 -1.78379189968109 -1.78376376628876 -1.78373551368713 -1.78370702266693
-1.78353905677795 -1.78360092639923 -1.7836629152298 -1.78372502326965 -1.78378713130951 -1.78383803367615 -1.7838853597641 -1.78393280506134 -1.78398025035858 -1.78402769565582 -1.78407514095306 -1.78412258625031 -1.78416967391968 -1.78419971466064 -1.78422975540161 -1.78425979614258 -1.78428983688354 -1.7843199968338 -1.78435015678406 -1.7843804359436 -1.78440296649933 -1.78441488742828 -1.78442680835724 -1.7844386100769 -1.78445041179657 -1.78446209430695 -1.78447377681732 -1.78448534011841 -1.78448271751404 -1.78447687625885 -1.78447115421295 -1.78446543216705 -1.78445708751678 -1.78444731235504 -1.78443646430969 -1.78442347049713 -1.78438901901245 -1.78435230255127 -1.78431379795074 -1.78427445888519 -1.78423416614532 -1.78419291973114 -1.78415060043335 -1.78411102294922 -1.78413355350494 -1.78416299819946 -1.7841911315918 -1.78421652317047 -1.78423488140106 -1.7842458486557 -1.78424715995789 -1.78423917293549
-1.78356635570526 -1.78363764286041 -1.78369963169098 -1.78376138210297 -1.78382289409637 -1.78388464450836 -1.78394675254822 -1.78400909900665 -1.78406238555908 -1.78411340713501 -1.78416454792023 -1.78421568870544 -1.78426718711853 -1.7843189239502 -1.78436398506165 -1.78440058231354 -1.78443729877472 -1.78447449207306 -1.78451192378998 -1.78454959392548 -1.78458964824677 -1.78463685512543 -1.78468406200409 -1.78473138809204 -1.78477871417999 -1.78482604026794 -1.78487133979797 -1.78488087654114 -1.78488945960999 -1.78489720821381 -1.78490388393402 -1.78490960597992 -1.78491449356079 -1.78492081165314 -1.78492844104767 -1.78493702411652 -1.7849440574646 -1.78495061397552 -1.78495669364929 -1.7849680185318 -1.78499031066895 -1.7850182056427 -1.78505051136017 -1.78508901596069 -1.78513371944427 -1.78518760204315 -1.78540813922882 -1.78561866283417 -1.78579330444336 -1.78593158721924 -1.78604400157928 -1.78604662418365
-1.78335273265839 -1.7834255695343 -1.78350007534027 -1.78357636928558 -1.78365254402161 -1.78372120857239 -1.78378462791443 -1.78384912014008 -1.78391468524933 -1.78397977352142 -1.78404569625854 -1.78409922122955 -1.7841534614563 -1.78420841693878 -1.784264087677 -1.78431963920593 -1.78438770771027 -1.78446650505066 -1.78454828262329 -1.78463304042816 -1.78472113609314 -1.78482830524445 -1.7849714756012 -1.78511691093445 -1.78526449203491 -1.78541481494904 -1.78556406497955 -1.7856742143631 -1.78578460216522 -1.78589522838593 -1.78600609302521 -1.78611731529236 -1.78603386878967 -1.78594529628754 -1.78586113452911 -1.78578162193298 -1.78570675849915 -1.78561806678772 -1.78551840782166 -1.78541159629822 -1.78529834747314 -1.7851870059967 -1.78512954711914 -1.78510808944702 -1.78507030010223 -1.78501069545746 -1.78493857383728 -1.78482902050018 -1.78464460372925 -1.78462314605713 -1.78468668460846 -1.7848151922226
-1.78302454948425 -1.78311610221863 -1.78321003913879 -1.78330266475677 -1.78338122367859 -1.78346037864685 -1.78353786468506 -1.78361678123474 -1.783695936203 -1.78375720977783 -1.78381383419037 -1.78387308120728 -1.78393518924713 -1.78400433063507 -1.7840861082077 -1.78417670726776 -1.78427731990814 -1.78438830375671 -1.78460276126862 -1.78489005565643 -1.78518271446228 -1.78548312187195 -1.78579151630402 -1.785928606987 -1.78605830669403 -1.78618097305298 -1.78628814220428 -1.7862833738327 -1.78616809844971 -1.7860506772995 -1.78593111038208 -1.78580665588379 -1.78561282157898 -1.78541886806488 -1.78522491455078 -1.78503084182739 -1.78510272502899 -1.78534138202667 -1.7855738401413 -1.78580009937286 -3.4e+38 -1.37775933742523 -1.18063318729401 -1.125483751297 -1.21686482429504 -3.4e+38 -3.4e+38 -3.4e+38 -3.4e+38 -3.4e+38 -3.4e+38 -3.4e+38
-1.78254151344299 -1.782639503479 -1.78273713588715 -1.78281629085541 -1.78289520740509 -1.78296959400177 -1.78303802013397 -1.78310418128967 -1.78316402435303 -1.7832270860672 -1.78329944610596 -1.78337836265564 -1.78346943855286 -1.78357899188995 -1.78370749950409 -1.78385186195374 -1.78408920764923 -1.78438901901245 -1.78470432758331 -1.78502595424652 -1.78529107570648 -1.78548204898834 -1.78567695617676 -1.78587663173676 -1.78599739074707 -1.78597402572632 -1.78593933582306 -1.7858909368515 -1.78587460517883 -1.7859560251236 -1.78606140613556 -1.78619205951691 -1.78639447689056 -1.7866644859314 -1.786945104599 -1.78723657131195 -3.4e+38 -3.4e+38 -3.4e+38 -3.4e+38 -3.4e+38 -3.4e+38 -3.4e+38 -3.4e+38 -3.4e+38 -3.4e+38 -3.4e+38 -3.4e+38 -3.4e+38 -3.4e+38 -3.4e+38 -3.4e+38
-1.78174328804016 -1.78181457519531 -1.78188419342041 -1.78192102909088 -1.78194093704224 -1.78195261955261 -1.78196096420288 -1.78199446201324 -1.78205049037933 -1.78212428092957 -1.78221297264099 -1.7823498249054 -1.78250741958618 -1.7826761007309 -1.78285014629364 -1.78320622444153 -1.78362274169922 -1.78405368328094 -1.78450465202332 -1.78470981121063 -1.78491318225861 -1.78514409065247 -1.78532218933105 -1.78523802757263 -1.78513145446777 -1.78500127792358 -1.78511309623718 -1.78539288043976 -1.78568708896637 -1.78599953651428 -3.4e+38 -3.4e+38 -3.4e+38 -3.4e+38 -3.4e+38 -3.4e+38 -3.4e+38 -3.4e+38 -3.4e+38 -3.4e+38 -3.4e+38 -3.4e+38 -3.4e+38 -3.4e+38 -3.4e+38 -3.4e+38 -3.4e+38 -3.4e+38 -3.4e+38 -3.4e+38 -3.4e+38 -3.4e+38
-1.78040444850922 -1.78037881851196 -1.78032648563385 -1.78030681610107 -1.7803053855896 -1.78031098842621 -1.78033876419067 -1.78033804893494 -1.78039824962616 -1.78047335147858 -1.78059959411621 -1.78071689605713 -1.78088390827179 -1.78112208843231 -1.78136944770813 -1.78156018257141 -1.78182113170624 -1.78209817409515 -1.78252148628235 -1.78299200534821 -1.78345227241516 -1.7841237783432 -1.78481447696686 -1.78548622131348 -1.78613007068634 -1.78618240356445 -1.78604412078857 -1.7856627702713 -1.7854255437851 -1.78522634506226 -1.78508996963501 -3.4e+38 -3.4e+38 -3.4e+38 -3.4e+38 -3.4e+38 -3.4e+38 -3.4e+38 -3.4e+38 -3.4e+38 -3.4e+38 -3.4e+38 -3.4e+38 -3.4e+38 -3.4e+38 -3.4e+38 -3.4e+38 -3.4e+38 -3.4e+38 -3.4e+38 -3.4e+38 -3.4e+38
-1.7781810760498 -1.7780100107193 -1.77779138088226 -1.77755391597748 -1.77734363079071 -1.77715539932251 -1.77702176570892 -1.77698969841003 -1.77700400352478 -1.77701163291931 -1.77709639072418 -1.77747786045074 -1.77813589572906 -1.77902114391327 -1.68191206455231 -1.12816274166107 -3.4e+38 -3.4e+38 -3.4e+38 -3.4e+38 -1.78873872756958 -1.7885936498642 -3.4e+38 -3.4e+38 -3.4e+38 -3.4e+38 -3.4e+38 -3.4e+38 -3.4e+38 -3.4e+38 -3.4e+38 -3.4e+38 -3.4e+38 -3.4e+38 -3.4e+38 -3.4e+38 -3.4e+38 -3.4e+38 -3.4e+38 -3.4e+38 -3.4e+38 -3.4e+38 -3.4e+38 -3.4e+38 -3.4e+38 -3.4e+38 -3.4e+38 -3.4e+38 -3.4e+38 -3.4e+38 -3.4e+38 -3.4e+38
-1.77458107471466 -1.77426111698151 -1.77398943901062 -1.77376544475555 -1.77357745170593 -1.77358567714691 -1.77386963367462 -1.77430760860443 -1.77514958381653 -1.77622663974762 -3.4e+38 -3.4e+38 -3.4e+38 -3.4e+38 -3.4e+38 -3.4e+38 -3.4e+38 -3.4e+38 -3.4e+38 -1.79242300987244 -1.79245316982269 -1.79271376132965 -1.79307854175568 -1.7935938835144 -1.79450058937073 -1.79583835601807 -1.7976371049881 -1.79952597618103 -1.80203318595886 -1.80406284332275 -1.20884013175964 -1.15231382846832 -3.4e+38 -1.80483591556549 -1.80507612228394 -1.80533444881439 -1.80559039115906 -1.2197208404541 -3.4e+38 -3.4e+38 -3.4e+38 -3.4e+38 -3.4e+38 -3.4e+38 -3.4e+38 -3.4e+38 -3.4e+38 -3.4e+38 -3.4e+38 -3.4e+38 -3.4e+38 -1.71478283405304
-1.76688003540039 -1.76578640937805 -1.76476979255676 -1.76499462127686 -1.76754057407379 -3.4e+38 -3.4e+38 -3.4e+38 -3.4e+38 -3.4e+38 -3.4e+38 -3.4e+38 -0.681129932403564 -3.4e+38 -1.79205572605133 -1.79206383228302 -1.79214584827423 -0.933328688144684 -3.4e+38 -3.4e+38 -3.4e+38 -1.7932208776474 -1.7934592962265 -1.79386758804321 -1.08957374095917 -3.4e+38 -3.4e+38 -3.4e+38 -3.4e+38 -3.4e+38 -3.4e+38 -3.4e+38 -3.4e+38 -3.4e+38 -3.4e+38 -3.4e+38 -3.4e+38 -3.4e+38 -3.4e+38 -3.4e+38 -3.4e+38 -3.4e+38 -3.4e+38 -3.4e+38 -3.4e+38 -3.4e+38 -3.4e+38 -3.4e+38 -3.4e+38 -3.4e+38 -3.4e+38 -1.53680884838104
-1.74808609485626 -1.74157679080963 -1.73205804824829 -1.72037672996521 -1.70991802215576 -3.4e+38 -1.71032679080963 -1.71874678134918 -1.72935318946838 -1.63984382152557 -0.931791365146637 -3.4e+38 -3.4e+38 -3.4e+38 -3.4e+38 -3.4e+38 -3.4e+38 -3.4e+38 -3.4e+38 -3.4e+38 -3.4e+38 -3.4e+38 -3.4e+38 -0.238515272736549 -3.4e+38 -3.4e+38 -3.4e+38 -3.4e+38 -3.4e+38 -3.4e+38 -3.4e+38 -0.0982347577810287 -3.4e+38 -3.4e+38 -3.4e+38 -3.4e+38 -3.4e+38 -3.4e+38 -3.4e+38 -3.4e+38 -3.4e+38 -3.4e+38 -3.4e+38 -3.4e+38 -3.4e+38 -3.4e+38 -3.4e+38 -3.4e+38 -3.4e+38 -3.4e+38 -1.40512585639954 -1.39067757129669
-1.67588651180267 -1.65424120426178 -1.64328062534332 -0.895090639591217 -3.4e+38 -3.4e+38 -3.4e+38 -0.468583673238754 -0.995995163917542 -3.4e+38 -1.72962462902069 -1.7323397397995 -1.73489117622375 -3.4e+38 -3.4e+38 -3.4e+38 -3.4e+38 -3.4e+38 -1.76000392436981 -1.7643404006958 -1.76844239234924 -1.77213203907013 -1.77487111091614 -1.77707278728485 -1.77918517589569 -1.78085660934448 -1.7828483581543 -1.78506100177765 -1.78711259365082 -1.78901350498199 -1.7904816865921 -1.7912141084671 -1.79152858257294 -1.79183971881866 -1.79248714447021 -1.27790200710297 -0.0996688529849052 -3.4e+38 -3.4e+38 -3.4e+38 -3.4e+38 -3.4e+38 -3.4e+38 -3.4e+38 -3.4e+38 -3.4e+38 -3.4e+38 -3.4e+38 -1.40364718437195 -1.34655666351318 -1.33238303661346 -1.29889225959778
-1.4590402841568 -1.38864326477051 -1.33655822277069 -3.4e+38 -3.4e+38 -3.4e+38 -3.4e+38 -3.4e+38 -3.4e+38 -3.4e+38 -3.4e+38 -3.4e+38 -3.4e+38 -3.4e+38 -1.73972356319427 -1.74424660205841 -1.74851047992706 -1.7520364522934 -1.75524878501892 -1.75815236568451 -1.17793703079224 -3.4e+38 -3.4e+38 -3.4e+38 -1.76773250102997 -1.77047896385193 -1.37232983112335 -3.4e+38 -3.4e+38 -3.4e+38 -3.4e+38 -3.4e+38 -3.4e+38 -3.4e+38 -3.4e+38 -3.4e+38 -3.4e+38 -3.4e+38 -1.78077232837677 -1.31350433826447 -3.4e+38 -3.4e+38 -3.4e+38 -0.2234256118536 -3.4e+38 -3.4e+38 -3.4e+38 -3.4e+38 -3.4e+38 -3.4e+38 -3.4e+38 -3.4e+38
-1.1275737285614 -1.04703557491302 -3.4e+38 -3.4e+38 -3.4e+38 -3.4e+38 -3.4e+38 -3.4e+38 -3.4e+38 -3.4e+38 -3.4e+38 -3.4e+38 -3.4e+38 -3.4e+38 -3.4e+38 -3.4e+38 -3.4e+38 -3.4e+38 -3.4e+38 -3.4e+38 -3.4e+38 -3.4e+38 -3.4e+38 -3.4e+38 -1.52537858486176 -3.4e+38 -3.4e+38 -3.4e+38 -3.4e+38 -3.4e+38 -3.4e+38 -3.4e+38 -3.4e+38 -3.4e+38 -3.4e+38 -3.4e+38 -1.73128545284271 -3.4e+38 -3.4e+38 -3.4e+38 -3.4e+38 -3.4e+38 -3.4e+38 -3.4e+38 -3.4e+38 -3.4e+38 -3.4e+38 -3.4e+38 -3.4e+38 -3.4e+38 -3.4e+38 -3.4e+38
-0.781111776828766 -0.718254327774048 -0.667346596717834 -3.4e+38 -3.4e+38 -3.4e+38 -3.4e+38 -3.4e+38 -3.4e+38 -3.4e+38 -3.4e+38 -3.4e+38 -3.4e+38 -3.4e+38 -3.4e+38 -3.4e+38 -3.4e+38 -3.4e+38 -3.4e+38 -3.4e+38 -3.4e+38 -3.4e+38 -3.4e+38 -3.4e+38 -3.4e+38 -1.59418153762817 -1.58129680156708 -1.57012104988098 -3.4e+38 -3.4e+38 -3.4e+38 -3.4e+38 -3.4e+38 -3.4e+38 -3.4e+38 -1.69780170917511 -1.68821692466736 -1.68302750587463 -3.4e+38 -3.4e+38 -3.4e+38 -3.4e+38 -3.4e+38 -3.4e+38 -3.4e+38 -3.4e+38 -3.4e+38 -3.4e+38 -3.4e+38 -3.4e+38 -3.4e+38 -3.4e+38
-0.284739911556244 -0.392650485038757 -0.501538038253784 -0.508422911167145 -0.547322154045105 -0.586898744106293 -0.620402336120605 -0.647999882698059 -0.663386285305023 -0.663285613059998 -0.433790326118469 -0.204790398478508 -0.00139989296440035 -3.4e+38 -3.4e+38 -3.4e+38 -3.4e+38 -3.4e+38 -3.4e+38 -3.4e+38 -3.4e+38 -3.4e+38 -3.4e+38 -3.4e+38 -3.4e+38 -3.4e+38 -3.4e+38 -1.53040671348572 -1.51461625099182 -1.51490950584412 -1.51742827892303 -3.4e+38 -3.4e+38 -3.4e+38 -3.4e+38 -3.4e+38 -3.4e+38 -1.58720922470093 -1.57147181034088 -3.4e+38 -3.4e+38 -3.4e+38 -3.4e+38 -3.4e+38 -3.4e+38 -3.4e+38 -3.4e+38 -3.4e+38 -3.4e+38 -3.4e+38 -3.4e+38 -3.4e+38
-3.4e+38 -3.4e+38 -3.4e+38 -3.4e+38 -3.4e+38 -3.4e+38 -3.4e+38 -3.4e+38 -0.545782208442688 -0.548307418823242 -0.54105007648468 -3.4e+38 -3.4e+38 -3.4e+38 -3.4e+38 -3.4e+38 -3.4e+38 -3.4e+38 -3.4e+38 -3.4e+38 -3.4e+38 -3.4e+38 -3.4e+38 -3.4e+38 -3.4e+38 -3.4e+38 -3.4e+38 -1.31515896320343 -1.30223333835602 -3.4e+38 -3.4e+38 -3.4e+38 -3.4e+38 -3.4e+38 -3.4e+38 -3.4e+38 -3.4e+38 -3.4e+38 -1.54546236991882 -1.53954660892487 -1.54134702682495 -1.55165112018585 -3.4e+38 -3.4e+38 -3.4e+38 -3.4e+38 -0.0975772216916084 -1.13063704967499 -3.4e+38 -1.14847123622894 -3.4e+38 -3.4e+38
-3.4e+38 -3.4e+38 -3.4e+38 -3.4e+38 -3.4e+38 -3.4e+38 -3.4e+38 -3.4e+38 -3.4e+38 -3.4e+38 -3.4e+38 -3.4e+38 -3.4e+38 -3.4e+38 -3.4e+38 -3.4e+38 -3.4e+38 -3.4e+38 -3.4e+38 -3.4e+38 -3.4e+38 -3.4e+38 -3.4e+38 -3.4e+38 -3.4e+38 -1.12876117229462 -1.1549791097641 -1.17427361011505 -1.18314671516418 -0.490767627954483 -3.4e+38 -3.4e+38 -3.4e+38 -3.4e+38 -3.4e+38 -3.4e+38 -3.4e+38 -3.4e+38 -3.4e+38 -3.4e+38 -1.5216977596283 -1.26017117500305 -3.4e+38 -3.4e+38 -3.4e+38 -3.4e+38 -3.4e+38 -1.08230876922607 -1.07613134384155 -1.06825172901154 -1.0719918012619 -0.309120297431946
-3.4e+38 -3.4e+38 -3.4e+38 -3.4e+38 -3.4e+38 -3.4e+38 -3.4e+38 -3.4e+38 -3.4e+38 -3.4e+38 -3.4e+38 -3.4e+38 -3.4e+38 -3.4e+38 -3.4e+38 -3.4e+38 -3.4e+38 -3.4e+38 -3.4e+38 -3.4e+38 -3.4e+38 -3.4e+38 -3.4e+38 -3.4e+38 -3.4e+38 -3.4e+38 -3.4e+38 -3.4e+38 -3.4e+38 -3.4e+38 -3.4e+38 -3.4e+38 -3.4e+38 -3.4e+38 -3.4e+38 -3.4e+38 -3.4e+38 -3.4e+38 -3.4e+38 -3.4e+38 -3.4e+38 -3.4e+38 -3.4e+38 -3.4e+38 -3.4e+38 -3.4e+38 -3.4e+38 -1.01049244403839 -1.0197616815567 -1.01178097724915 -3.4e+38 -3.4e+38
