AnalysisFolder/EnvironmentalData/Present/tavg.asc
NCOLS 360 
NROWS 90 
XLLCORNER -180 
YLLCORNER 0 
CELLSIZE 1 
NODATA_value -3.4e+38 
[rows 46 to 68 of 90, columns 104 to 155 of 360]
-3.4e+38 -3.4e+38 -3.4e+38 -3.4e+38 -3.4e+38 -3.4e+38 -3.4e+38 15.6243267059326 15.9178123474121 -3.4e+38 -3.4e+38 16.7735385894775 16.6701183319092 16.6000194549561 16.416296005249 16.2005386352539 16.095516204834 16.0441799163818 15.9277200698853 15.7077512741089 15.3991680145264 15.0336027145386 14.6449909210205 14.2282199859619 13.8901500701904 13.5370788574219 13.2355241775513 13.8224430084229 14.881175994873 15.5826234817505 15.7190618515015 15.633810043335 15.6589822769165 15.8798274993896 16.1309070587158 16.2742366790771 16.2957000732422 16.3142280578613 16.3793716430664 16.4596214294434 16.5737247467041 16.7748012542725 17.0573120117188 17.3231220245361 17.4621238708496 17.4499073028564 17.3431453704834 17.2083568572998 17.0961627960205 17.0078811645508 16.947395324707 16.9084167480469
-3.4e+38 -3.4e+38 -3.4e+38 -3.4e+38 -3.4e+38 -3.4e+38 16.1074466705322 16.438497543335 16.9490909576416 17.5256023406982 18.0152969360352 18.3912010192871 18.597677230835 18.539794921875 18.3566074371338 18.1460571289062 17.9530582427979 17.7805461883545 17.6125049591064 17.4324340820312 17.2300491333008 17.0038642883301 16.7661972045898 16.533145904541 16.2776470184326 15.9821033477783 15.9438571929932 16.405933380127 16.9376392364502 17.1877899169922 17.1383209228516 16.9973564147949 16.953332901001 17.0165901184082 17.0986347198486 17.163948059082 17.1939563751221 17.2215442657471 17.2650833129883 17.3096218109131 17.3901462554932 17.5533771514893 17.7685070037842 17.9375305175781 17.9842052459717 17.9146327972412 17.7888355255127 17.6563873291016 17.5363502502441 17.4463520050049 17.3953456878662 17.3616905212402
-3.4e+38 -3.4e+38 -3.4e+38 -3.4e+38 -3.4e+38 -3.4e+38 17.3577575683594 18.0522003173828 18.7292041778564 19.3207550048828 19.7450675964355 20.0034122467041 20.0190258026123 19.8419361114502 19.5791435241699 19.3316898345947 19.1366119384766 18.9837608337402 18.8461380004883 18.7134056091309 18.5806694030762 18.4471397399902 18.3136882781982 18.1844654083252 18.0583000183105 17.9496097564697 17.958065032959 18.0528163909912 18.1118946075439 18.0653400421143 17.9473171234131 17.8584098815918 17.8554267883301 17.896614074707 17.9331912994385 17.9711494445801 17.9989585876465 18.0103130340576 18.0230102539062 18.0483283996582 18.1230716705322 18.2588844299316 18.4010486602783 18.4727249145508 18.4409141540527 18.3319568634033 18.2001304626465 18.0748596191406 17.9569931030273 17.8724136352539 17.820743560791 17.7781925201416
-3.4e+38 -3.4e+38 -3.4e+38 -3.4e+38 19.1998081207275 19.5743675231934 19.8729972839355 20.2422046661377 20.632532119751 20.9322929382324 21.0609035491943 21.0081443786621 20.8216094970703 20.5558605194092 20.2833366394043 20.0602588653564 19.8847599029541 19.7368507385254 19.6008930206299 19.4719619750977 19.3517971038818 19.2430114746094 19.1450576782227 19.0534133911133 18.9670810699463 18.8941822052002 18.8473300933838 18.8095970153809 18.7520294189453 18.6700572967529 18.5967445373535 18.5704307556152 18.5954666137695 18.6384239196777 18.6672115325928 18.6833343505859 18.6928863525391 18.6958885192871 18.7046585083008 18.7337799072266 18.8033065795898 18.8928451538086 18.9512958526611 18.9374961853027 18.8492813110352 18.7197246551514 18.5898666381836 18.4716033935547 18.3667526245117 18.2819805145264 18.2173347473145 18.1594676971436
-3.4e+38 -3.4e+38 19.5431118011475 21.0416202545166 21.9780731201172 22.2820415496826 22.2937183380127 22.2132568359375 22.0974750518799 21.9386539459229 21.7245845794678 21.4599208831787 21.16916847229 20.8808345794678 20.6321449279785 20.4342346191406 20.2696552276611 20.1239624023438 19.9915523529053 19.8729915618896 19.7677326202393 19.6748580932617 19.5946025848389 19.5247211456299 19.4618320465088 19.4102897644043 19.3684597015381 19.329252243042 19.2864112854004 19.246955871582 19.2253322601318 19.2278995513916 19.2517623901367 19.2859306335449 19.3084335327148 19.3110790252686 19.3099670410156 19.3151931762695 19.3290615081787 19.3585586547852 19.4003105163574 19.4269771575928 19.4088897705078 19.3361282348633 19.2228126525879 19.095552444458 18.9752788543701 18.8633041381836 18.7606372833252 18.6692733764648 18.587869644165 18.5119819641113
-3.4e+38 20.6471328735352 22.1373977661133 23.0273418426514 23.2456817626953 23.0554122924805 22.7840690612793 22.5075454711914 22.220724105835 21.9256496429443 21.637279510498 21.3691902160645 21.1271076202393 20.9140663146973 20.7340660095215 20.5849609375 20.4584312438965 20.349048614502 20.2517318725586 20.1689167022705 20.0992050170898 20.0392665863037 19.9886951446533 19.9482955932617 19.9171142578125 19.8932704925537 19.8745670318604 19.8596858978271 19.8454074859619 19.8352661132812 19.8357982635498 19.8464546203613 19.862340927124 19.8785781860352 19.8882465362549 19.890811920166 19.8904895782471 19.8948745727539 19.8994598388672 19.9026889801025 19.8952503204346 19.8614025115967 19.7924365997314 19.6934566497803 19.5784587860107 19.4609127044678 19.3487358093262 19.2364654541016 19.1327877044678 19.0376892089844 18.943115234375 18.8458366394043
-3.4e+38 22.7930393218994 23.5200576782227 23.7275714874268 23.381103515625 22.8299922943115 22.4129486083984 22.1055774688721 21.8436527252197 21.6094131469727 21.4037551879883 21.2272396087646 21.0768260955811 20.9470062255859 20.834342956543 20.739673614502 20.6630535125732 20.6005992889404 20.5482749938965 20.5067119598389 20.4736080169678 20.4456939697266 20.4231014251709 20.4083843231201 20.400691986084 20.3954029083252 20.3979949951172 20.4020481109619 20.405403137207 20.4096984863281 20.4166393280029 20.4250049591064 20.4324264526367 20.4370346069336 20.4371700286865 20.4348373413086 20.4295787811279 20.4163208007812 20.3944187164307 20.3590030670166 20.3046188354492 20.2282390594482 20.1332416534424 20.0277652740479 19.9190483093262 19.8099308013916 19.6984786987305 19.5867767333984 19.4811515808105 19.3811740875244 19.2715263366699 19.154878616333
-3.4e+38 23.7473373413086 24.0779972076416 23.8278102874756 23.2029571533203 22.5596485137939 22.140323638916 21.8680572509766 21.6700248718262 21.5130844116211 21.3847427368164 21.280158996582 21.1929016113281 21.119571685791 21.0588397979736 21.0095481872559 20.9731903076172 20.9454364776611 20.9248065948486 20.9119873046875 20.9054946899414 20.9015350341797 20.8989105224609 20.9004383087158 20.9071102142334 20.9180393218994 20.930139541626 20.9434299468994 20.952278137207 20.9587898254395 20.9634437561035 20.9655647277832 20.9649868011475 20.9608402252197 20.9498271942139 20.9305438995361 20.9021224975586 20.8627033233643 20.8120422363281 20.7459964752197 20.6635799407959 20.5682907104492 20.4659042358398 20.3605060577393 20.2529144287109 20.1438159942627 20.0320720672607 19.9191627502441 19.8099269866943 19.6993560791016 19.5835094451904 19.4648246765137
-3.4e+38 24.2714080810547 24.3291568756104 23.8226928710938 23.0974636077881 22.5051612854004 22.1767234802246 21.970027923584 21.818883895874 21.7010135650635 21.6075439453125 21.53440284729 21.4786396026611 21.4371299743652 21.4069747924805 21.3871040344238 21.3757228851318 21.3707408905029 21.3710289001465 21.3771133422852 21.3870735168457 21.3979988098145 21.4088706970215 21.4209613800049 21.4350128173828 21.4498825073242 21.4623260498047 21.4739456176758 21.4809494018555 21.4823436737061 21.4784965515137 21.4704113006592 21.4573078155518 21.4366550445557 21.4067401885986 21.3669395446777 21.3175849914551 21.255838394165 21.1834659576416 21.1005382537842 21.0079593658447 20.9085636138916 20.8053550720215 20.699462890625 20.5906677246094 20.4801445007324 20.3645839691162 20.2484340667725 20.134256362915 20.0183162689209 19.8989238739014 19.7734451293945
24.1250801086426 24.5999889373779 24.5198059082031 23.9517440795898 23.2179737091064 22.7168464660645 22.4652786254883 22.2912635803223 22.1534099578857 22.0476150512695 21.9693298339844 21.9145526885986 21.8788166046143 21.8573818206787 21.8469562530518 21.8441352844238 21.848445892334 21.8572063446045 21.8697681427002 21.8857460021973 21.9035892486572 21.9208202362061 21.9362239837646 21.9504013061523 21.9632453918457 21.9731788635254 21.9792366027832 21.9811115264893 21.9790592193604 21.9706726074219 21.9551429748535 21.9333114624023 21.9043655395508 21.8659992218018 21.8175582885742 21.7589435577393 21.6914443969727 21.6149044036865 21.5300979614258 21.4389705657959 21.3424453735352 21.2424068450928 21.1393146514893 21.0321655273438 20.9203758239746 20.8011264801025 20.6758403778076 20.5532150268555 20.4324016571045 20.3070011138916 20.1704959869385 20.0198440551758
25.0360164642334 24.9457416534424 24.541130065918 23.9597492218018 23.3756809234619 23.0285968780518 22.8366146087646 22.6821556091309 22.5607929229736 22.472713470459 22.4103851318359 22.3693580627441 22.3464050292969 22.3376312255859 22.3388786315918 22.3452224731445 22.3558692932129 22.3710269927979 22.3886489868164 22.4062480926514 22.4220504760742 22.4355545043945 22.4465065002441 22.4546566009521 22.46018409729 22.4631938934326 22.4607410430908 22.4490528106689 22.4330825805664 22.4109058380127 22.3817329406738 22.3460006713867 22.3026752471924 22.2495651245117 22.185754776001 22.1108341217041 22.0278301239014 21.9401664733887 21.8484325408936 21.7531414031982 21.6547737121582 21.5516567230225 21.4410438537598 21.3227100372314 21.1999092102051 21.0721702575684 20.9394340515137 20.8062076568604 20.6705589294434 20.5266132354736 20.3686771392822 20.1993045806885
25.2122364044189 24.8715171813965 24.3991527557373 23.9192733764648 23.5465660095215 23.3582096099854 23.2158756256104 23.0906543731689 22.9986724853516 22.9331569671631 22.8870582580566 22.8577423095703 22.843578338623 22.8410110473633 22.8452529907227 22.8532218933105 22.8631496429443 22.8776016235352 22.8922348022461 22.9040088653564 22.9114456176758 22.9154586791992 22.9165210723877 22.9143505096436 22.9089851379395 22.8995475769043 22.8840255737305 22.8610744476318 22.831937789917 22.7961196899414 22.7517375946045 22.6999950408936 22.6412963867188 22.5741138458252 22.4974384307861 22.4097938537598 22.3202991485596 22.2280082702637 22.1305885314941 22.0294017791748 21.9222221374512 21.8075942993164 21.6852569580078 21.556640625 21.425163269043 21.2898406982422 21.1480560302734 21.0025939941406 20.8516006469727 20.6932945251465 20.5253505706787 20.3515357971191
25.1819515228271 24.7537631988525 24.3341846466064 24.0122489929199 23.8196697235107 23.7058753967285 23.597074508667 23.5041656494141 23.4402942657471 23.3927211761475 23.3591899871826 23.3387489318848 23.3295516967773 23.328067779541 23.3305511474609 23.3352680206299 23.3410377502441 23.3489780426025 23.3529186248779 23.3542079925537 23.3512306213379 23.344367980957 23.3334407806396 23.317964553833 23.2982902526855 23.2736911773682 23.2436332702637 23.2079792022705 23.1665954589844 23.117546081543 23.0595092773438 22.99338722229 22.9203948974609 22.8402404785156 22.7519702911377 22.6574954986572 22.5632152557373 22.464469909668 22.3596954345703 22.2486095428467 22.1295604705811 22.0039978027344 21.8739547729492 21.7398262023926 21.6017246246338 21.4585094451904 21.3087463378906 21.1539268493652 20.9933338165283 20.8272953033447 20.6558475494385 20.4825420379639
25.0543212890625 24.6757278442383 24.4001541137695 24.2366542816162 24.1403636932373 24.0547962188721 23.9747867584229 23.9122581481934 23.8664360046387 23.8321475982666 23.8075408935547 23.7915458679199 23.782735824585 23.7785377502441 23.7765464782715 23.7755699157715 23.7723350524902 23.77028465271 23.7607345581055 23.7488708496094 23.733980178833 23.7147922515869 23.6905651092529 23.6612739562988 23.6269378662109 23.5865516662598 23.5406970977783 23.4911308288574 23.435791015625 23.3746948242188 23.3052158355713 23.2274303436279 23.1424560546875 23.0509567260742 22.9543972015381 22.8564510345459 22.7547817230225 22.6452713012695 22.5304393768311 22.4093265533447 22.2822723388672 22.1506042480469 22.0152988433838 21.87619972229 21.7323722839355 21.5829238891602 21.4288024902344 21.2694053649902 21.1040267944336 20.9340476989746 20.7615661621094 20.5897731781006
25.0797824859619 24.7840843200684 24.6263065338135 24.5438632965088 24.4739055633545 24.4037132263184 24.3468952178955 24.3029460906982 24.2682075500488 24.2413902282715 24.2216148376465 24.2059707641602 24.1932849884033 24.1823883056641 24.1728801727295 24.1646690368652 24.1489334106445 24.1312599182129 24.1099395751953 24.0857162475586 24.0568389892578 24.0232410430908 23.984561920166 23.9405784606934 23.8916721343994 23.8374404907227 23.7785034179688 23.7145690917969 23.6460666656494 23.5721092224121 23.4920749664307 23.4057750701904 23.312536239624 23.2125358581543 23.1084098815918 23.0027713775635 22.8921298980713 22.773120880127 22.6499576568604 22.5216007232666 22.3890323638916 22.2535037994385 22.1147422790527 21.9712734222412 21.8224945068359 21.6694965362549 21.5115547180176 21.3498134613037 21.1819400787354 21.0102214813232 20.8385772705078 20.6695404052734
25.3010025024414 25.0532093048096 24.9371547698975 24.8706512451172 24.8065948486328 24.7482414245605 24.7039890289307 24.6703681945801 24.641393661499 24.6178970336914 24.5981407165527 24.5784492492676 24.5583267211914 24.5382442474365 24.5180187225342 24.4959373474121 24.4672870635986 24.4367561340332 24.4024715423584 24.3637943267822 24.320930480957 24.273063659668 24.2202339172363 24.1627445220947 24.1005764007568 24.0340366363525 23.9628257751465 23.8871784210205 23.8069133758545 23.7215137481689 23.6314258575439 23.5363140106201 23.435245513916 23.3281555175781 23.2166423797607 23.1022300720215 22.9832916259766 22.8582038879395 22.7298469543457 22.5976219177246 22.4615592956543 22.322639465332 22.1808013916016 22.0343780517578 21.8824634552002 21.7272319793701 21.5665988922119 21.402135848999 21.2353267669678 21.0661869049072 20.8969135284424 20.7297611236572
25.594841003418 25.4008598327637 25.2780609130859 25.1913757324219 25.125415802002 25.0757102966309 25.0375671386719 25.0083484649658 24.9809341430664 24.955587387085 24.9300575256348 24.9027881622314 24.8741054534912 24.8440055847168 24.8124103546143 24.7779102325439 24.7341556549072 24.6888408660889 24.6413841247559 24.5887107849121 24.5324897766113 24.4715480804443 24.4061336517334 24.3370018005371 24.2636642456055 24.1852397918701 24.1032905578613 24.0182914733887 23.927583694458 23.8329486846924 23.7341384887695 23.6304550170898 23.5219612121582 23.4087810516357 23.2908058166504 23.1700706481934 23.0452747344971 22.9169731140137 22.7863159179688 22.6523189544678 22.5142440795898 22.372932434082 22.2289772033691 22.0811100006104 21.9275779724121 21.770206451416 21.6085090637207 21.4431953430176 21.2773056030273 21.109546661377 20.941722869873 20.775707244873
25.9224758148193 25.7832527160645 25.6221332550049 25.4948577880859 25.4207458496094 25.3742370605469 25.3380393981934 25.3074626922607 25.2785987854004 25.2475452423096 25.2128124237061 25.1761493682861 25.1381492614746 25.0977344512939 25.0535640716553 25.0047454833984 24.9501171112061 24.8928356170654 24.8326034545898 24.7669906616211 24.6981201171875 24.6253242492676 24.549222946167 24.4699592590332 24.3864517211914 24.2988586425781 24.2093772888184 24.1185436248779 24.018741607666 23.9157981872559 23.8090667724609 23.6977653503418 23.5827713012695 23.4648418426514 23.3432464599609 23.218599319458 23.0923461914062 22.9629077911377 22.8314342498779 22.6960964202881 22.5563831329346 22.4134578704834 22.2685279846191 22.1205806732178 21.9661407470703 21.806453704834 21.6435146331787 21.4775238037109 21.3104515075684 21.1412658691406 20.9720268249512 20.8042373657227
26.1432476043701 26.0477428436279 25.9010734558105 25.7740726470947 25.6979999542236 25.647554397583 25.6056098937988 25.5669078826904 25.530740737915 25.4910850524902 25.4478893280029 25.4027881622314 25.3550338745117 25.3036155700684 25.2484092712402 25.1892509460449 25.1247024536133 25.0563812255859 24.9844226837158 24.9074745178223 24.8277053833008 24.7449226379395 24.6595096588135 24.5715637207031 24.4805660247803 24.3867702484131 24.2917556762695 24.1924209594727 24.0877456665039 23.9798011779785 23.8678970336914 23.7522869110107 23.6336250305176 23.5122661590576 23.3882846832275 23.2619342803955 23.1358680725098 23.0047988891602 22.8708362579346 22.7336959838867 22.5928363800049 22.448184967041 22.3005504608154 22.1501045227051 21.9940414428711 21.831413269043 21.6658267974854 21.4976692199707 21.3271045684814 21.1550884246826 20.9838962554932 20.8141975402832
26.2604312896729 26.1970691680908 26.1136703491211 26.0294551849365 25.9586658477783 25.8980674743652 25.8408966064453 25.7880668640137 25.7419719696045 25.6939640045166 25.6430358886719 25.5904693603516 25.5350189208984 25.4749393463135 25.4095001220703 25.339599609375 25.2667598724365 25.1897354125977 25.1072044372559 25.0210075378418 24.9329242706299 24.842113494873 24.7492256164551 24.6548347473145 24.5586566925049 24.4607315063477 24.3613986968994 24.256010055542 24.1488723754883 24.0384540557861 23.9245014190674 23.8072834014893 23.686767578125 23.5630187988281 23.4366130828857 23.3079357147217 23.1802768707275 23.0467109680176 22.9097576141357 22.7696590423584 22.6260757446289 22.4782791137695 22.3260822296143 22.1697368621826 22.0081081390381 21.8378200531006 21.6684665679932 21.4984855651855 21.3266849517822 21.1551246643066 20.9857025146484 20.8184204101562
26.3728485107422 26.3255558013916 26.2854251861572 26.2334651947021 26.1712894439697 26.1074981689453 26.0418949127197 25.9776821136475 25.9210872650146 25.8675994873047 25.8113498687744 25.753173828125 25.6908283233643 25.6230545043945 25.5498485565186 25.4721126556396 25.3915309906006 25.3076286315918 25.2183284759521 25.1254253387451 25.0303173065186 24.9329376220703 24.8342819213867 24.7345123291016 24.6336460113525 24.5330715179443 24.4308757781982 24.3242092132568 24.2149429321289 24.1035079956055 23.9875869750977 23.8680114746094 23.7456474304199 23.6198768615723 23.4905090332031 23.3604030609131 23.2271251678467 23.0885124206543 22.9469890594482 22.8015556335449 22.6517868041992 22.4977493286133 22.3389472961426 22.1749515533447 22.0074119567871 21.8345527648926 21.6619186401367 21.4903125762939 21.3228378295898 21.1574230194092 20.9947948455811 20.8366031646729
26.4873714447021 26.4627208709717 26.4444789886475 26.3975086212158 26.3299598693848 26.2602558135986 26.1922874450684 26.1304626464844 26.0713653564453 26.0143585205078 25.9560317993164 25.8946857452393 25.8268566131592 25.7532138824463 25.6751804351807 25.5927791595459 25.5066375732422 25.418701171875 25.3258304595947 25.2292575836182 25.1299343109131 25.029052734375 24.9270114898682 24.82399559021 24.7203845977783 24.6162548065186 24.5102787017822 24.4021625518799 24.2914848327637 24.1774024963379 24.0589504241943 23.9363594055176 23.8100242614746 23.6804828643799 23.5485820770264 23.4142189025879 23.2749176025391 23.1299953460693 22.9819393157959 22.8308353424072 22.6748561859131 22.5135612487793 22.347806930542 22.1789951324463 22.0093402862549 21.835599899292 21.6632766723633 21.4969005584717 21.3361988067627 21.1817398071289 21.0345325469971 20.8955078125
26.6639862060547 26.6781387329102 26.6815357208252 26.6184501647949 26.5063362121582 26.3888492584229 26.295238494873 26.2422313690186 26.1925888061523 26.1352939605713 26.076602935791 26.0133953094482 25.9417152404785 25.8635272979736 25.7818336486816 25.6969795227051 25.6084518432617 25.5183181762695 25.424072265625 25.3283290863037 25.2290630340576 25.1271228790283 25.0238475799561 24.9195232391357 24.8141136169434 24.7079601287842 24.5993061065674 24.4882278442383 24.3738899230957 24.2572288513184 24.136646270752 24.0117626190186 23.8831214904785 23.751220703125 23.6158580780029 23.4761962890625 23.3322925567627 23.1830158233643 23.030481338501 22.8738994598389 22.7124156951904 22.5471515655518 22.379638671875 22.2104835510254 22.040843963623 21.8714408874512 21.7055034637451 21.5476875305176 21.3981952667236 21.2606906890869 21.1371974945068 21.0273895263672
