AnalysisFolder/EnvironmentalData/Future/rcp8_5/2100/savg.asc
NCOLS 360 
NROWS 90 
XLLCORNER -180 
YLLCORNER 0 
CELLSIZE 1 
NODATA_value -3.4e+38 
[rows 46 to 68 of 90, columns 0 to 51 of 360]
32.7481651306152 32.7436676025391 32.7388229370117 32.7338409423828 32.7286491394043 32.7233772277832 32.7181358337402 32.7129402160645 32.7077255249023 32.7023620605469 32.6967163085938 32.6907234191895 32.6843948364258 32.6777763366699 32.6708908081055 32.6640777587891 32.6573638916016 32.6505546569824 32.6435394287109 32.6364059448242 32.6293983459473 32.6228141784668 32.6167106628418 32.6109199523926 32.6053504943848 32.6000175476074 32.5950393676758 32.5904006958008 32.5862998962402 32.5829849243164 32.5805931091309 32.5792655944824 32.5789337158203 32.5795593261719 32.5809364318848 32.5829124450684 32.5849075317383 32.5866851806641 32.587818145752 32.5870513916016 32.5826148986816 32.5718994140625 32.5520439147949 32.5200576782227 32.4725112915039 32.406120300293 32.3179779052734 32.2034111022949 32.0618782043457 31.8958301544189 31.7122325897217 31.5252685546875
32.9098281860352 32.9003067016602 32.8907890319824 32.8813819885254 32.8720817565918 32.862922668457 32.85400390625 32.8453369140625 32.8367309570312 32.8280563354492 32.8192443847656 32.810245513916 32.8009948730469 32.7914619445801 32.7818450927734 32.7726860046387 32.7639312744141 32.7550773620605 32.7459373474121 32.7367248535156 32.7277603149414 32.7191963195801 32.7109680175781 32.7032318115234 32.6958351135254 32.6886520385742 32.6816482543945 32.6750183105469 32.6690902709961 32.6641845703125 32.6604957580566 32.6581535339355 32.6573371887207 32.6580352783203 32.6595001220703 32.6612319946289 32.6628532409668 32.6639595031738 32.6638793945312 32.6615715026855 32.6544799804688 32.6404266357422 32.6167526245117 32.5808753967285 32.5302467346191 32.4623336791992 32.3747978210449 32.2656440734863 32.1303939819336 31.970157623291 31.7949752807617 31.6237888336182
33.073673248291 33.0593757629395 33.0455780029297 33.0323333740234 33.0194358825684 33.0067176818848 32.9941825866699 32.9818267822266 32.9695167541504 32.9572982788086 32.9452514648438 32.9332847595215 32.9211807250977 32.9088363647461 32.8965148925781 32.8849258422852 32.8740921020508 32.8631134033203 32.8518371582031 32.8406715393066 32.8299293518066 32.8195037841797 32.8094215393066 32.7999687194824 32.7910842895508 32.7824096679688 32.7738723754883 32.765811920166 32.7586364746094 32.7526741027832 32.748348236084 32.7457847595215 32.7451705932617 32.7460632324219 32.7475662231445 32.7492065429688 32.7505340576172 32.750789642334 32.748851776123 32.7435569763184 32.7329902648926 32.7136001586914 32.6838722229004 32.641918182373 32.5857315063477 32.5132865905762 32.4227523803711 32.3127288818359 32.1818428039551 32.0295333862305 31.8664398193359 31.713773727417
33.2302169799805 33.2127113342285 33.1958351135254 33.179759979248 33.1641082763672 33.1485137939453 33.1328315734863 33.1171760559082 33.1017227172852 33.086799621582 33.0724220275879 33.0583381652832 33.0441818237305 33.029727935791 33.0151634216309 33.0011787414551 32.9881820678711 32.9752960205078 32.9622993469238 32.9495010375977 32.9370079040527 32.9248428344727 32.9131660461426 32.9023284912109 32.8922958374023 32.8825798034668 32.8730125427246 32.864086151123 32.8564720153809 32.8503875732422 32.8461227416992 32.8438453674316 32.8434753417969 32.8446426391602 32.8462600708008 32.8477478027344 32.8484115600586 32.8471717834473 32.8427429199219 32.8332710266113 32.8170928955078 32.7914733886719 32.7540702819824 32.7040824890137 32.6397819519043 32.5595703125 32.4623565673828 32.3478469848633 32.2167892456055 32.0720138549805 31.9226951599121 31.7915420532227
33.3720092773438 33.3533020019531 33.3352737426758 33.3178176879883 33.300609588623 33.2833137512207 33.2657356262207 33.2479133605957 33.2303237915039 33.2139434814453 33.1989479064941 33.1843452453613 33.1693916320801 33.1537780761719 33.1376762390137 33.1217803955078 33.1068534851074 33.0923881530762 33.0779609680176 33.0637512207031 33.0499229431152 33.0365257263184 33.0237045288086 33.0117454528809 33.0007743835449 32.9906234741211 32.9809608459473 32.9720764160156 32.9645042419434 32.9588470458984 32.9553146362305 32.9537239074707 32.9538154602051 32.9552040100098 32.956844329834 32.9580459594727 32.9579086303711 32.954719543457 32.94677734375 32.9322319030762 32.9093208312988 32.8765869140625 32.831371307373 32.7724151611328 32.6986427307129 32.6095390319824 32.5045204162598 32.3838958740234 32.250129699707 32.1088409423828 31.9705772399902 31.8637809753418
33.4974212646484 33.4793739318848 33.4615707397461 33.4438972473145 33.4263458251953 33.408863067627 33.3912620544434 33.3732490539551 33.3550643920898 33.3382682800293 33.3237037658691 33.3096618652344 33.2948875427246 33.2789154052734 33.2621154785156 33.2453956604004 33.2296829223633 33.214485168457 33.1992530822754 33.1842765808105 33.1697196960449 33.1557655334473 33.1426429748535 33.1304473876953 33.119213104248 33.1087493896484 33.0994834899902 33.0914268493652 33.0849151611328 33.0803451538086 33.077751159668 33.0768585205078 33.0773544311523 33.0792579650879 33.0814399719238 33.0824851989746 33.0811424255371 33.0758056640625 33.0643692016602 33.0447998046875 33.0155448913574 32.9756088256836 32.9239692687988 32.8570823669434 32.7766189575195 32.6812705993652 32.5702896118164 32.4445838928223 32.3079948425293 32.1686401367188 32.0405120849609 31.9471988677979
33.6072578430176 33.5906181335449 33.5738868713379 33.5570602416992 33.5403823852539 33.5243263244629 33.5088844299316 33.4934196472168 33.4772872924805 33.4617538452148 33.448127746582 33.4347343444824 33.4204292297363 33.4048919677734 33.3885803222656 33.3724021911621 33.3570861816406 33.3421363830566 33.3272094726562 33.3125686645508 33.2984199523926 33.2848510742188 33.2720413208008 33.2601203918457 33.2491455078125 33.2392349243164 33.2309684753418 33.2245941162109 33.2199745178223 33.2170104980469 33.2155876159668 33.2156753540039 33.2169570922852 33.219425201416 33.2221603393555 33.2232933044434 33.2215766906738 33.2148208618164 33.2007598876953 33.1775436401367 33.1438484191895 33.0988731384277 33.0424423217773 32.9728012084961 32.8891792297363 32.7914962768555 32.6786270141602 32.5514450073242 32.4144668579102 32.2768936157227 32.1527328491211 32.0594940185547
33.7033157348633 33.689094543457 33.6748161315918 33.6604919433594 33.6466636657715 33.6340217590332 33.6225242614746 33.6111946105957 33.5988388061523 33.5858039855957 33.573356628418 33.5607986450195 33.5474739074707 33.5332641601562 33.5186347961426 33.5042495727539 33.4904823303223 33.4769515991211 33.463451385498 33.4502067565918 33.4373512268066 33.4249877929688 33.4132766723633 33.4023818969727 33.3925323486328 33.3840789794922 33.3774108886719 33.3733215332031 33.3714332580566 33.3708686828613 33.3710517883301 33.3718948364258 33.373836517334 33.3771820068359 33.3810195922852 33.3833351135254 33.3820381164551 33.374828338623 33.3596725463867 33.3349876403809 33.2997398376465 33.252613067627 33.1935195922852 33.1230583190918 33.0398864746094 32.9427719116211 32.8309020996094 32.7053375244141 32.5707054138184 32.4353408813477 32.3108253479004 32.2105293273926
33.7933769226074 33.7821922302246 33.7709312438965 33.7603645324707 33.7512168884277 33.7437744140625 33.737190246582 33.7300148010254 33.7211532592773 33.7107009887695 33.7000007629395 33.6892852783203 33.6780815124512 33.6663246154785 33.6543655395508 33.6425971984863 33.6311569213867 33.6199150085449 33.6088981628418 33.5981788635254 33.5876655578613 33.5773963928223 33.5676002502441 33.5585823059082 33.5508766174316 33.5448150634766 33.5407104492188 33.5390548706055 33.5395317077637 33.5411567687988 33.5432357788086 33.5457000732422 33.5490798950195 33.5537643432617 33.5590362548828 33.562858581543 33.5622940063477 33.5554580688477 33.5405120849609 33.5155029296875 33.4791717529297 33.4311561584473 33.3719139099121 33.3019790649414 33.2204818725586 33.1239471435547 33.0132637023926 32.8899459838867 32.7580337524414 32.6243934631348 32.4977989196777 32.3886795043945
33.8843955993652 33.876091003418 33.8678131103516 33.8616714477539 33.8583602905273 33.8569679260254 33.8555488586426 33.8522491455078 33.8463363647461 33.8385391235352 33.8304176330566 33.8226165771484 33.8145408630371 33.806095123291 33.7974853515625 33.788948059082 33.7805976867676 33.7724418640137 33.7644920349121 33.7569007873535 33.7496643066406 33.742546081543 33.7356910705566 33.7295722961426 33.7246322631836 33.7212562561035 33.7197799682617 33.7204208374023 33.7232208251953 33.7272300720215 33.7318382263184 33.7367935180664 33.7422866821289 33.7484245300293 33.7545585632324 33.7591934204102 33.7595291137695 33.7528419494629 33.7375755310059 33.7121887207031 33.6758460998535 33.6285095214844 33.5703811645508 33.5011444091797 33.4196472167969 33.3232879638672 33.2122764587402 33.0893478393555 32.9581718444824 32.8247566223145 32.6968193054199 32.5823211669922
33.9832344055176 33.9781379699707 33.9722747802734 33.9696083068848 33.9713363647461 33.9754905700684 33.979133605957 33.9799499511719 33.9773330688477 33.9725303649902 33.9675521850586 33.9630966186523 33.9585113525391 33.9536247253418 33.9486045837402 33.9436378479004 33.9389801025391 33.9345893859863 33.9303207397461 33.9263381958008 33.9229545593262 33.9195709228516 33.9161491394043 33.913257598877 33.9114952087402 33.9112396240234 33.912670135498 33.9158744812012 33.9208641052246 33.9272270202637 33.9343338012695 33.9418067932129 33.9495735168457 33.9571189880371 33.9637031555176 33.9680061340332 33.9682960510254 33.9614868164062 33.9460105895996 33.9208869934082 33.8855781555176 33.8396759033203 33.7826690673828 33.7137336730957 33.6317405700684 33.53564453125 33.4239730834961 33.3003768920898 33.1691741943359 33.0363578796387 32.908130645752 32.789981842041
34.095100402832 34.0948028564453 34.0923728942871 34.0915222167969 34.095329284668 34.102424621582 34.109375 34.1135673522949 34.1144523620605 34.11328125 34.1118354797363 34.1108436584473 34.1098556518555 34.1086502075195 34.1073455810547 34.1061744689941 34.105339050293 34.1048851013184 34.1046485900879 34.1045951843262 34.1048583984375 34.1053581237793 34.1056594848633 34.1062278747559 34.1077995300293 34.1107406616211 34.1150703430176 34.1208801269531 34.1281967163086 34.1367988586426 34.1459846496582 34.1553688049316 34.1644630432129 34.1726722717285 34.1792221069336 34.1830215454102 34.1826820373535 34.176025390625 34.1606750488281 34.1363487243652 34.1024398803711 34.0580787658691 34.0024223327637 33.9345588684082 33.8534774780273 33.758430480957 33.6482620239258 33.5258941650391 33.3963813781738 33.2650985717773 33.137077331543 33.0164909362793
34.2202377319336 34.225643157959 34.228385925293 34.2292213439941 34.2325210571289 34.2391242980957 34.2468719482422 34.253360748291 34.2576332092285 34.2603073120117 34.2624626159668 34.2648162841797 34.2672157287598 34.269416809082 34.2715263366699 34.2737884521484 34.2763900756836 34.2794914245605 34.2831115722656 34.2869262695312 34.2905654907227 34.2944259643555 34.2981452941895 34.3021850585938 34.3071174621582 34.313102722168 34.3201866149902 34.3285293579102 34.3380317687988 34.3483200073242 34.358829498291 34.369140625 34.3787689208984 34.3870315551758 34.3932037353516 34.3964309692383 34.3954582214355 34.388843536377 34.373950958252 34.3508529663086 34.3185386657715 34.2758255004883 34.2220840454102 34.1562995910645 34.0773811340332 33.9848442077637 33.8787002563477 33.7601699829102 33.6339950561523 33.5049819946289 33.3777465820312 33.2560844421387
34.3545761108398 34.3631439208984 34.369514465332 34.3726081848145 34.3760070800781 34.3819618225098 34.3898315429688 34.3977470397949 34.4045333862305 34.4102325439453 34.4154357910156 34.4206275939941 34.4259605407715 34.4310111999512 34.4359588623047 34.4410591125488 34.4466171264648 34.4527206420898 34.4592399597168 34.466064453125 34.4726219177246 34.4789924621582 34.4854316711426 34.4923439025879 34.5000648498535 34.5086364746094 34.5180511474609 34.5284004211426 34.5394821166992 34.5507507324219 34.5619201660156 34.5725021362305 34.5821075439453 34.5901222229004 34.5959663391113 34.5988540649414 34.5975608825684 34.5908279418945 34.5768165588379 34.554817199707 34.5240936279297 34.483814239502 34.4329071044922 34.3701515197754 34.2945556640625 34.2057952880859 34.1041641235352 33.9899635314941 33.8673400878906 33.7409515380859 33.6147842407227 33.4921264648438
34.4894332885742 34.4986953735352 34.5065422058105 34.5121879577637 34.5172348022461 34.5237083435059 34.531665802002 34.5400848388672 34.5482368469238 34.5560264587402 34.5636253356934 34.5711784362793 34.5786476135254 34.5858688354492 34.5928649902344 34.5998420715332 34.6072463989258 34.6152610778809 34.6236572265625 34.6319885253906 34.6403312683105 34.6486396789551 34.6571159362793 34.6660919189453 34.6756286621094 34.6858367919922 34.6967391967773 34.7082481384277 34.7201766967773 34.7320671081543 34.7434959411621 34.7541999816895 34.7637939453125 34.7718200683594 34.7776908874512 34.7802848815918 34.7788848876953 34.7725448608398 34.7601356506348 34.7401466369629 34.7118034362793 34.6744079589844 34.6268730163574 34.5678672790527 34.4963150024414 34.411693572998 34.3139839172363 34.2036018371582 34.0840301513672 33.9598426818848 33.8343963623047 33.7105178833008
34.6144371032715 34.6238899230957 34.6326484680176 34.6403579711914 34.6472549438477 34.6543884277344 34.6622543334961 34.6705589294434 34.678897857666 34.6873893737793 34.6959838867188 34.7045059204102 34.7127685546875 34.7209396362305 34.7290344238281 34.7370529174805 34.7453804016113 34.754280090332 34.7636451721191 34.7730941772461 34.7824249267578 34.791820526123 34.8015289306641 34.8116226196289 34.8221282958984 34.8331985473633 34.8448791503906 34.857006072998 34.869327545166 34.8817825317383 34.8936576843262 34.9043846130371 34.9142036437988 34.9225997924805 34.9290809631348 34.9329833984375 34.9333648681641 34.9291458129883 34.9194030761719 34.9021492004395 34.8767433166504 34.8427543640137 34.7990341186523 34.7440452575684 34.6764793395996 34.5956916809082 34.5017700195312 34.3953437805176 34.2785530090332 34.156192779541 34.0314445495605 33.9071350097656
34.717887878418 34.7271118164062 34.7359085083008 34.7439002990723 34.751220703125 34.7583160400391 34.7655563354492 34.7732315063477 34.7814292907715 34.7899475097656 34.798469543457 34.806941986084 34.8154182434082 34.8239631652832 34.832405090332 34.8406715393066 34.8491592407227 34.8581809997559 34.8677024841309 34.8774032592773 34.8871040344238 34.8970146179199 34.9071960449219 34.9177932739258 34.9288558959961 34.9404563903809 34.9525833129883 34.9647789001465 34.9773139953613 34.9900817871094 35.002685546875 35.0150489807129 35.0269012451172 35.0377311706543 35.0468673706055 35.0536231994629 35.0571670532227 35.0564460754395 35.0504684448242 35.0374946594238 35.0163116455078 34.9866600036621 34.9472045898438 34.8964385986328 34.8331298828125 34.7566680908203 34.6672286987305 34.5652008056641 34.4519386291504 34.3322448730469 34.2093811035156 34.0859184265137
34.7851448059082 34.7935791015625 34.8016738891602 34.8092346191406 34.816349029541 34.8232345581055 34.8300704956055 34.8373031616211 34.8453102111816 34.853630065918 34.8615188598633 34.8691825866699 34.8770027160645 34.8851013183594 34.8932151794434 34.9012603759766 34.9095077514648 34.9181594848633 34.9271850585938 34.9364204406738 34.9458465576172 34.9557342529297 34.9658012390137 34.9762725830078 34.9874496459961 34.9993553161621 35.0120239257812 35.0254859924316 35.0396690368652 35.0544281005859 35.0694694519043 35.0847320556641 35.0998039245605 35.1141586303711 35.1271362304688 35.138053894043 35.146110534668 35.1503105163574 35.149600982666 35.142520904541 35.1272201538086 35.1033477783203 35.0695648193359 35.0244483947754 34.9668273925781 34.8960227966309 34.8125 34.7168006896973 34.6094932556152 34.4942092895508 34.3745536804199 34.253101348877
34.8106307983398 34.8178215026855 34.8247032165527 34.8312339782715 34.8375663757324 34.8437347412109 34.8498878479004 34.8564987182617 34.8639602661133 34.8716812133789 34.8788604736328 34.885799407959 34.8929061889648 34.9004058837891 34.9080085754395 34.9156188964844 34.9233741760254 34.9313850402832 34.9393692016602 34.9474563598633 34.9558982849121 34.964958190918 34.9749755859375 34.9862365722656 34.9986915588379 35.0121650695801 35.0265731811523 35.0419578552246 35.0583839416504 35.0757827758789 35.0938034057617 35.1124153137207 35.1310157775879 35.1491432189941 35.1663055419922 35.1818542480469 35.1950492858887 35.2050552368164 35.2107315063477 35.2106056213379 35.2027626037598 35.186653137207 35.1608581542969 35.1237754821777 35.0746383666992 35.012866973877 34.9384498596191 34.8518371582031 34.7536430358887 34.6458053588867 34.5320472717285 34.4150848388672
34.7942161560059 34.8001480102539 34.8057861328125 34.811206817627 34.8165855407715 34.8219604492188 34.8274612426758 34.8333015441895 34.8396072387695 34.8462104797363 34.8529052734375 34.8597259521484 34.8666534423828 34.8738212585449 34.8810577392578 34.8879508972168 34.8948135375977 34.9018135070801 34.909008026123 34.9164199829102 34.9242248535156 34.9327812194824 34.9429817199707 34.9553070068359 34.9694900512695 34.9848899841309 35.0012168884277 35.0185775756836 35.0371780395508 35.056957244873 35.0775489807129 35.0987319946289 35.119987487793 35.1409912109375 35.1614456176758 35.1808280944824 35.1984939575195 35.2136878967285 35.2253837585449 35.232421875 35.2330017089844 35.2260704040527 35.2103843688965 35.1847839355469 35.1480751037598 35.0993232727051 35.0380821228027 34.964656829834 34.8799591064453 34.7842788696289 34.6813201904297 34.573543548584
34.7425994873047 34.7475433349609 34.752269744873 34.7569541931152 34.7617607116699 34.766658782959 34.771785736084 34.7771987915039 34.7829322814941 34.7889633178711 34.7952346801758 34.8016967773438 34.8083076477051 34.8149261474609 34.821647644043 34.828182220459 34.8346099853516 34.840991973877 34.8472290039062 34.853328704834 34.8597068786621 34.8671340942383 34.8774032592773 34.8914680480957 34.9083290100098 34.9258422851562 34.9435348510742 34.9620246887207 34.981861114502 35.0028533935547 35.0244789123535 35.046443939209 35.0684127807617 35.0903549194336 35.1120948791504 35.1332092285156 35.1531524658203 35.1712913513184 35.1868553161621 35.1991195678711 35.2066917419434 35.2084693908691 35.20361328125 35.190860748291 35.1689529418945 35.1367454528809 35.0934181213379 35.0387725830078 34.97314453125 34.8961982727051 34.8105239868164 34.718433380127
34.6658363342285 34.6702117919922 34.6745223999023 34.6789093017578 34.6834449768066 34.6880989074707 34.6929740905762 34.698070526123 34.7034111022949 34.7090072631836 34.7148323059082 34.7208709716797 34.727165222168 34.7336654663086 34.7402877807617 34.7467346191406 34.7528610229492 34.7583885192871 34.7629203796387 34.7664108276367 34.7696647644043 34.7744369506836 34.7842407226562 34.8017120361328 34.8237342834473 34.8432731628418 34.8608093261719 34.8789291381836 34.8986015319824 34.9190635681152 34.9396705627441 34.9602470397949 34.9807243347168 35.0012435913086 35.0217208862305 35.0418281555176 35.0611381530762 35.0792121887207 35.0955390930176 35.1096839904785 35.1210174560547 35.1289176940918 35.1325569152832 35.1306228637695 35.1224174499512 35.1068878173828 35.0830764770508 35.0502967834473 35.0082054138184 34.9559364318848 34.8943786621094 34.825439453125
34.5732879638672 34.5773391723633 34.5813941955566 34.585521697998 34.5897331237793 34.5939712524414 34.5983581542969 34.6028709411621 34.6075134277344 34.6122970581055 34.6172866821289 34.6226119995117 34.6284408569336 34.6349487304688 34.6418724060059 34.6487731933594 34.6551818847656 34.6602554321289 34.6631927490234 34.6636352539062 34.6624450683594 34.6623649597168 34.669376373291 34.6922912597656 34.7257995605469 34.7460823059082 34.7596015930176 34.7752952575684 34.7937088012695 34.8115844726562 34.828971862793 34.8461647033691 34.8632354736328 34.8803558349609 34.8974914550781 34.9144287109375 34.9309043884277 34.9466552734375 34.9613647460938 34.9747657775879 34.986629486084 34.9965133666992 35.0041847229004 35.0090255737305 35.010326385498 35.0073928833008 34.9994430541992 34.9855690002441 34.965503692627 34.9383354187012 34.9036254882812 34.8622131347656
