AnalysisFolder/EnvironmentalData/Future/rcp8_5/2100/savg.asc
NCOLS 360 
NROWS 90 
XLLCORNER -180 
YLLCORNER 0 
CELLSIZE 1 
NODATA_value -3.4e+38 
[rows 0 to 22 of 90, columns 260 to 311 of 360]
31.0665645599365 31.0644092559814 31.0622634887695 31.0601253509521 31.0596351623535 31.0594310760498 31.0592250823975 31.0590209960938 31.0588150024414 31.0586090087891 31.0584030151367 31.0581951141357 31.0579872131348 31.0577793121338 31.0575714111328 31.0573616027832 31.0571537017822 31.0569438934326 31.0567321777344 31.0565223693848 31.0563106536865 31.0560989379883 31.05588722229 31.0556735992432 31.0554599761963 31.0552463531494 31.0550327301025 31.0548191070557 31.0546035766602 31.0543880462646 31.0541706085205 31.0539531707764 31.0537376403809 31.0535182952881 31.0533008575439 31.0530815124512 31.0528621673584 31.0526428222656 31.0524215698242 31.0522003173828 31.0519790649414 31.0517578125 31.05153465271 31.0513114929199 31.0510883331299 31.0508632659912 31.0506381988525 31.0504131317139 31.0501861572266 31.0499610900879 31.0497341156006 31.0495052337646
31.1795520782471 31.1765632629395 31.1735782623291 31.1698799133301 31.1648559570312 31.1602039337158 31.1555290222168 31.1508331298828 31.1461181640625 31.1413803100586 31.1366214752197 31.1318435668945 31.1270446777344 31.1222476959229 31.1178970336914 31.1135196685791 31.1091213226318 31.1046962738037 31.100248336792 31.095775604248 31.0912799835205 31.0867576599121 31.0822143554688 31.078125 31.0740299224854 31.0699062347412 31.0657558441162 31.0615768432617 31.0573692321777 31.0531330108643 31.0488681793213 31.0445880889893 31.0407619476318 31.0369052886963 31.033016204834 31.0290966033936 31.025146484375 31.0211620330811 31.017147064209 31.0130996704102 31.0092010498047 31.0055541992188 31.0018768310547 30.9981689453125 30.9944286346436 30.9906578063965 30.9868564605713 30.9830207824707 30.9792251586914 30.9757690429688 30.9722919464111 30.9687938690186
31.2911777496338 31.2848281860352 31.2776374816895 31.2687683105469 31.2598819732666 31.2514533996582 31.2429656982422 31.2344226837158 31.2258224487305 31.2171649932861 31.2084980010986 31.200309753418 31.1920623779297 31.1837596893311 31.1753978729248 31.1669807434082 31.1585693359375 31.1506423950195 31.1426582336426 31.1346168518066 31.1265201568604 31.1183662414551 31.1102657318115 31.1026058197021 31.0948886871338 31.0858058929443 31.076639175415 31.0673999786377 31.058801651001 31.0503025054932 31.0417404174805 31.0331134796143 31.0244197845459 31.0162906646729 31.0083389282227 31.0003299713135 30.9922657012939 30.9841442108154 30.9765434265137 30.9691600799561 30.9617309570312 30.9542541503906 30.9467296600342 30.9397010803223 30.9328861236572 30.9260349273682 30.9191474914551 30.912223815918 30.9058113098145 30.8995742797852 30.8933124542236 30.8870277404785
31.4152774810791 31.4028015136719 31.3896331787109 31.3768768310547 31.3639965057373 31.350959777832 31.3377647399902 31.3246974945068 31.311861038208 31.2988815307617 31.2857570648193 31.2724914550781 31.2597236633301 31.246898651123 31.2339420318604 31.220853805542 31.2071132659912 31.1926345825195 31.1779766082764 31.1631412506104 31.1485195159912 31.1344089508057 31.1201419830322 31.1057205200195 31.0915603637695 31.0779495239258 31.0642032623291 31.0503177642822 31.0367488861084 31.0237216949463 31.0105762481689 30.9973087310791 30.9844570159912 30.9720993041992 30.9596366882324 30.9470691680908 30.9350547790527 30.9234218597412 30.9117012023926 30.8998889923096 30.8887176513672 30.8773899078369 30.8660106658936 30.854621887207 30.8443927764893 30.8341293334961 30.8238334655762 30.8138999938965 30.8046989440918 30.7954730987549 30.7862243652344 30.7777194976807
31.5571250915527 31.5403804779053 31.5232734680176 31.5058078765869 31.4884243011475 31.470832824707 31.4528980255127 31.4346714019775 31.4167366027832 31.3984794616699 31.3798999786377 31.3603534698486 31.3396415710449 31.3185005187988 31.2969760894775 31.2761764526367 31.2549953460693 31.2334308624268 31.2123889923096 31.1914176940918 31.170108795166 31.1489486694336 31.12841796875 31.107593536377 31.0864887237549 31.0666217803955 31.0465030670166 31.0248489379883 31.0039100646973 30.9831981658936 30.9622783660889 30.9423236846924 30.9229106903076 30.9033336639404 30.884521484375 30.8665237426758 30.8484039306641 30.8308734893799 30.8143863677979 30.7978076934814 30.781644821167 30.7666759490967 30.7516441345215 30.7369041442871 30.7234954833984 30.7100486755371 30.6968002319336 30.6849822998047 30.6731414794922 30.6614093780518 30.6509628295898 30.6405067443848
31.7343559265137 31.714298248291 31.6936187744141 31.6723232269287 31.6506042480469 31.6282806396484 31.6053428649902 31.5818710327148 31.5560417175293 31.529317855835 31.5023078918457 31.4745712280273 31.4459934234619 31.4175281524658 31.3883609771729 31.3584213256836 31.3290576934814 31.2989883422852 31.2683658599854 31.2384471893311 31.205358505249 31.1721744537354 31.1399669647217 31.1071548461914 31.0750465393066 31.0436172485352 31.0116939544678 30.9813766479492 30.9512901306152 30.9208755493164 30.8928871154785 30.8645935058594 30.8368186950684 30.8108234405518 30.7845993041992 30.7597541809082 30.7359638214111 30.711332321167 30.6887321472168 30.6664619445801 30.6447906494141 30.6252918243408 30.6057910919189 30.5878009796143 30.5709247589111 30.5540657043457 30.5394973754883 30.5251045227051 30.5114135742188 30.4992942810059 30.4872055053711 30.4765090942383
31.9595050811768 31.9375591278076 31.9147605895996 31.8907241821289 31.8656101226807 31.838737487793 31.8101673126221 31.7802734375 31.7488193511963 31.7158031463623 31.6813983917236 31.645450592041 31.6080932617188 31.5694713592529 31.5289707183838 31.4835910797119 31.4378433227539 31.3908538818359 31.343225479126 31.2958793640137 31.2472763061523 31.2002906799316 31.1527252197266 31.1055679321289 31.059871673584 31.0133533477783 30.9697647094727 30.9244155883789 30.87868309021 30.8351249694824 30.7915802001953 30.7521362304688 30.7125415802002 30.6757678985596 30.6404495239258 30.6062259674072 30.5752124786377 30.5441875457764 30.5168190002441 30.4900035858154 30.465124130249 30.4422416687012 30.4198474884033 30.4006156921387 30.3814659118652 30.3648319244385 30.3490886688232 30.3345966339111 30.3220062255859 30.3096008300781 30.2997741699219 30.2899131774902
32.2344551086426 32.2135047912598 32.1847076416016 32.1554107666016 32.1246719360352 32.0938835144043 32.0618133544922 32.0277938842773 31.9929180145264 31.9539680480957 31.9113292694092 31.8568153381348 31.8000526428223 31.7408027648926 31.6792221069336 31.6161308288574 31.5512084960938 31.4848747253418 31.4179916381836 31.3497276306152 31.2820529937744 31.2056312561035 31.1304054260254 31.057954788208 30.9869537353516 30.9202575683594 30.8537693023682 30.7932090759277 30.7326354980469 30.6772575378418 30.6229801177979 30.5725059509277 30.5243682861328 30.4787826538086 30.4366779327393 30.3948097229004 30.3568687438965 30.3197078704834 30.2881660461426 30.2569904327393 30.2309150695801 30.2056636810303 30.184289932251 30.164421081543 30.1473503112793 30.1322689056396 30.119083404541 30.1081886291504 30.0984439849854 30.0911102294922 30.084358215332 30.0800094604492
32.4262008666992 32.3855094909668 32.3448066711426 32.3032608032227 32.262996673584 32.2240219116211 32.1854553222656 32.1458969116211 32.1039581298828 32.0579872131348 32.0094604492188 31.9511032104492 31.8894271850586 31.8097229003906 31.7251892089844 31.615966796875 -3.4e+38 31.3550491333008 31.2545700073242 31.1648063659668 31.0807018280029 30.9983062744141 30.91796875 30.8397083282471 30.7630920410156 30.6892261505127 30.6172637939453 30.5459766387939 30.4760398864746 30.4097328186035 30.3466815948486 30.2875270843506 30.2321357727051 30.1806411743164 30.1331882476807 30.0895595550537 30.0501537322998 30.0143890380859 29.9828681945801 29.9547004699707 29.9305744171143 29.9094905853271 29.8921737670898 29.8775215148926 29.8662185668945 29.8567790985107 29.8502807617188 29.8458423614502 29.8438758850098 29.843578338623 29.8452262878418 29.8482685089111
32.4822998046875 32.4409523010254 32.399959564209 32.3595924377441 32.3152046203613 32.2700004577637 32.2244186401367 32.1813430786133 32.1458625793457 32.1162490844727 32.0996475219727 32.0918083190918 -3.4e+38 -3.4e+38 -3.4e+38 -3.4e+38 -3.4e+38 -3.4e+38 -3.4e+38 30.6927318572998 30.6397724151611 30.586893081665 30.5222682952881 30.4541091918945 30.3801822662354 30.3054294586182 30.2304134368896 30.1566886901855 30.0852184295654 30.0170040130615 29.9521636962891 29.8920135498047 29.8352508544922 29.7841720581055 29.7335891723633 29.6907291412354 29.6504802703857 29.6189785003662 29.5895385742188 29.5684833526611 29.5496826171875 29.5376167297363 29.5282764434814 29.5240535736084 29.5226917266846 29.5249423980713 29.5299701690674 29.5374164581299 29.5474720001221 29.5590934753418 29.5730895996094 29.5880279541016
32.4630012512207 32.414176940918 32.3658638000488 32.3187789916992 32.2742958068848 32.2304573059082 32.1870727539062 32.1456184387207 32.1058540344238 32.070384979248 32.0374908447266 32.0130767822266 31.9905967712402 -3.4e+38 -3.4e+38 -3.4e+38 -3.4e+38 -3.4e+38 -3.4e+38 -3.4e+38 -3.4e+38 -3.4e+38 20.0127792358398 30.0229015350342 29.9227256774902 29.8229084014893 29.7326259613037 29.6419334411621 29.5602607727051 29.4853496551514 29.4145622253418 29.3519096374512 29.2924652099609 29.2422332763672 29.1961555480957 29.1579685211182 29.1260738372803 29.1004505157471 29.0833492279053 29.0705585479736 29.0674533843994 29.0671138763428 29.0726661682129 29.0819225311279 29.0963535308838 29.1146259307861 29.1358470916748 29.1604309082031 29.1865634918213 29.2152442932129 29.2449207305908 29.2759780883789
32.3917388916016 32.3353652954102 32.2805976867676 32.2291259765625 32.1804351806641 32.1345481872559 32.0911140441895 32.0521965026855 32.015079498291 31.9798755645752 31.9427032470703 31.9062900543213 31.8731307983398 31.8445358276367 31.81982421875 31.7962551116943 -3.4e+38 -3.4e+38 -3.4e+38 -3.4e+38 -3.4e+38 -3.4e+38 -3.4e+38 -3.4e+38 -3.4e+38 -3.4e+38 -3.4e+38 28.9425010681152 28.8682670593262 28.7937088012695 28.7203388214111 28.6527347564697 28.5896053314209 28.5275249481201 28.4788208007812 28.4359798431396 28.4096336364746 28.3915119171143 28.383996963501 28.3877696990967 28.3976173400879 28.4196739196777 28.4466190338135 28.4813613891602 28.5217361450195 28.5662040710449 28.613977432251 28.6631450653076 28.7127838134766 28.7623176574707 28.811595916748 28.8589305877686
32.2139930725098 32.1580963134766 32.0946350097656 32.0336418151855 31.9790344238281 31.928617477417 31.8830223083496 31.8490028381348 31.820821762085 31.7966766357422 31.7792510986328 31.7689800262451 31.7570152282715 31.7508640289307 31.7489414215088 31.748592376709 31.7491226196289 31.7474327087402 31.7469177246094 31.7457408905029 -3.4e+38 -3.4e+38 -3.4e+38 -3.4e+38 -3.4e+38 -3.4e+38 -3.4e+38 28.4457206726074 28.3359241485596 28.185245513916 28.0039615631104 27.7995071411133 27.665506362915 27.5525131225586 27.4737644195557 27.4248352050781 27.3910045623779 27.3934478759766 27.4112415313721 27.4414005279541 27.4799118041992 27.5238018035889 27.5739994049072 27.6287231445312 27.6856784820557 27.7660007476807 27.8468227386475 27.9247913360596 27.9969902038574 28.0665397644043 28.1275291442871 28.1816749572754
31.7996845245361 31.7562007904053 31.7160396575928 31.6717700958252 31.6298694610596 31.5907897949219 31.5543193817139 31.5321750640869 31.5214462280273 31.5218105316162 31.5299415588379 31.5459899902344 -3.4e+38 -3.4e+38 -3.4e+38 -3.4e+38 -3.4e+38 31.7529754638672 31.7695121765137 31.7824764251709 -3.4e+38 -3.4e+38 -3.4e+38 -3.4e+38 -3.4e+38 -3.4e+38 -3.4e+38 -3.4e+38 -3.4e+38 -3.4e+38 -3.4e+38 -3.4e+38 -3.4e+38 -3.4e+38 26.1089038848877 26.0586242675781 26.0444736480713 26.0529632568359 26.0936946868896 26.1573314666748 26.2295932769775 26.3069095611572 26.3745765686035 26.4361915588379 26.5139541625977 26.6039791107178 26.7053203582764 26.82883644104 26.9455623626709 27.0370121002197 27.1066608428955 27.1648120880127
30.9129619598389 30.9079933166504 30.9260311126709 30.9100074768066 30.9163455963135 30.9776248931885 31.0387020111084 -3.4e+38 -3.4e+38 -3.4e+38 -3.4e+38 -3.4e+38 -3.4e+38 -3.4e+38 -3.4e+38 -3.4e+38 -3.4e+38 -3.4e+38 -3.4e+38 -3.4e+38 -3.4e+38 -3.4e+38 -3.4e+38 -3.4e+38 -3.4e+38 -3.4e+38 -3.4e+38 -3.4e+38 -3.4e+38 -3.4e+38 -3.4e+38 -3.4e+38 -3.4e+38 -3.4e+38 -3.4e+38 24.6770439147949 24.6582183837891 24.656135559082 24.6765079498291 24.7076416015625 24.7598037719727 24.8497867584229 24.9662799835205 25.1128196716309 25.2507514953613 25.3813800811768 25.4925880432129 25.6017150878906 25.7071266174316 25.8008804321289 25.8951797485352 25.9905300140381
30.0284576416016 30.0136070251465 30.0057125091553 29.9970741271973 -3.4e+38 -3.4e+38 -3.4e+38 -3.4e+38 -3.4e+38 -3.4e+38 -3.4e+38 -3.4e+38 -3.4e+38 -3.4e+38 -3.4e+38 -3.4e+38 -3.4e+38 -3.4e+38 -3.4e+38 -3.4e+38 -3.4e+38 -3.4e+38 -3.4e+38 -3.4e+38 -3.4e+38 -3.4e+38 -3.4e+38 -3.4e+38 -3.4e+38 -3.4e+38 -3.4e+38 -3.4e+38 -3.4e+38 -3.4e+38 23.8093662261963 23.8060531616211 23.7529678344727 23.6827049255371 23.6071510314941 23.6026020050049 23.6322326660156 23.6942272186279 23.8214054107666 23.9814682006836 24.1637153625488 24.3587341308594 24.5271873474121 24.6769199371338 24.8086109161377 24.9398384094238 25.0710258483887 25.2006931304932
-3.4e+38 -3.4e+38 -3.4e+38 -3.4e+38 -3.4e+38 -3.4e+38 -3.4e+38 -3.4e+38 -3.4e+38 -3.4e+38 -3.4e+38 -3.4e+38 -3.4e+38 -3.4e+38 -3.4e+38 -3.4e+38 -3.4e+38 -3.4e+38 -3.4e+38 -3.4e+38 -3.4e+38 -3.4e+38 -3.4e+38 -3.4e+38 -3.4e+38 -3.4e+38 -3.4e+38 -3.4e+38 -3.4e+38 -3.4e+38 -3.4e+38 -3.4e+38 -3.4e+38 -3.4e+38 -3.4e+38 -3.4e+38 -3.4e+38 -3.4e+38 -3.4e+38 -3.4e+38 22.7704734802246 22.819372177124 -3.4e+38 -3.4e+38 -3.4e+38 -3.4e+38 -3.4e+38 -3.4e+38 -3.4e+38 24.5117893218994 24.628547668457 24.7735729217529
-3.4e+38 -3.4e+38 -3.4e+38 -3.4e+38 -3.4e+38 -3.4e+38 -3.4e+38 -3.4e+38 -3.4e+38 -3.4e+38 -3.4e+38 -3.4e+38 -3.4e+38 -3.4e+38 -3.4e+38 -3.4e+38 -3.4e+38 -3.4e+38 -3.4e+38 -3.4e+38 -3.4e+38 -3.4e+38 -3.4e+38 -3.4e+38 -3.4e+38 -3.4e+38 -3.4e+38 -3.4e+38 -3.4e+38 -3.4e+38 -3.4e+38 -3.4e+38 -3.4e+38 -3.4e+38 -3.4e+38 -3.4e+38 -3.4e+38 -3.4e+38 -3.4e+38 -3.4e+38 -3.4e+38 -3.4e+38 -3.4e+38 -3.4e+38 -3.4e+38 -3.4e+38 -3.4e+38 -3.4e+38 -3.4e+38 -3.4e+38 -3.4e+38 24.6064987182617
-3.4e+38 -3.4e+38 -3.4e+38 -3.4e+38 -3.4e+38 -3.4e+38 -3.4e+38 -3.4e+38 -3.4e+38 -3.4e+38 -3.4e+38 -3.4e+38 -3.4e+38 -3.4e+38 -3.4e+38 -3.4e+38 -3.4e+38 -3.4e+38 -3.4e+38 -3.4e+38 -3.4e+38 -3.4e+38 -3.4e+38 -3.4e+38 -3.4e+38 -3.4e+38 -3.4e+38 -3.4e+38 -3.4e+38 -3.4e+38 -3.4e+38 -3.4e+38 -3.4e+38 -3.4e+38 -3.4e+38 -3.4e+38 -3.4e+38 -3.4e+38 -3.4e+38 -3.4e+38 -3.4e+38 -3.4e+38 -3.4e+38 -3.4e+38 -3.4e+38 -3.4e+38 -3.4e+38 -3.4e+38 -3.4e+38 -3.4e+38 -3.4e+38 -3.4e+38
-3.4e+38 -3.4e+38 -3.4e+38 -3.4e+38 -3.4e+38 -3.4e+38 -3.4e+38 -3.4e+38 -3.4e+38 -3.4e+38 -3.4e+38 -3.4e+38 -3.4e+38 -3.4e+38 -3.4e+38 -3.4e+38 -3.4e+38 -3.4e+38 -3.4e+38 -3.4e+38 -3.4e+38 -3.4e+38 -3.4e+38 -3.4e+38 -3.4e+38 -3.4e+38 -3.4e+38 -3.4e+38 -3.4e+38 -3.4e+38 -3.4e+38 -3.4e+38 -3.4e+38 -3.4e+38 -3.4e+38 -3.4e+38 -3.4e+38 -3.4e+38 -3.4e+38 -3.4e+38 -3.4e+38 -3.4e+38 -3.4e+38 -3.4e+38 -3.4e+38 -3.4e+38 -3.4e+38 -3.4e+38 -3.4e+38 -3.4e+38 -3.4e+38 -3.4e+38
-3.4e+38 -3.4e+38 -3.4e+38 -3.4e+38 -3.4e+38 -3.4e+38 -3.4e+38 -3.4e+38 -3.4e+38 -3.4e+38 -3.4e+38 -3.4e+38 -3.4e+38 -3.4e+38 -3.4e+38 -3.4e+38 -3.4e+38 -3.4e+38 -3.4e+38 -3.4e+38 -3.4e+38 -3.4e+38 -3.4e+38 -3.4e+38 -3.4e+38 -3.4e+38 -3.4e+38 -3.4e+38 -3.4e+38 -3.4e+38 -3.4e+38 -3.4e+38 -3.4e+38 -3.4e+38 -3.4e+38 -3.4e+38 -3.4e+38 -3.4e+38 -3.4e+38 -3.4e+38 -3.4e+38 -3.4e+38 -3.4e+38 -3.4e+38 -3.4e+38 -3.4e+38 -3.4e+38 -3.4e+38 -3.4e+38 -3.4e+38 -3.4e+38 -3.4e+38
-3.4e+38 -3.4e+38 -3.4e+38 -3.4e+38 -3.4e+38 -3.4e+38 -3.4e+38 -3.4e+38 -3.4e+38 -3.4e+38 -3.4e+38 -3.4e+38 -3.4e+38 -3.4e+38 -3.4e+38 -3.4e+38 -3.4e+38 -3.4e+38 -3.4e+38 -3.4e+38 -3.4e+38 -3.4e+38 -3.4e+38 -3.4e+38 -3.4e+38 -3.4e+38 -3.4e+38 -3.4e+38 -3.4e+38 -3.4e+38 -3.4e+38 -3.4e+38 -3.4e+38 -3.4e+38 -3.4e+38 -3.4e+38 -3.4e+38 -3.4e+38 -3.4e+38 -3.4e+38 -3.4e+38 -3.4e+38 -3.4e+38 -3.4e+38 -3.4e+38 -3.4e+38 -3.4e+38 -3.4e+38 -3.4e+38 -3.4e+38 -3.4e+38 -3.4e+38
-3.4e+38 -3.4e+38 -3.4e+38 -3.4e+38 -3.4e+38 -3.4e+38 -3.4e+38 -3.4e+38 -3.4e+38 -3.4e+38 -3.4e+38 -3.4e+38 -3.4e+38 -3.4e+38 -3.4e+38 -3.4e+38 -3.4e+38 -3.4e+38 -3.4e+38 -3.4e+38 -3.4e+38 -3.4e+38 -3.4e+38 -3.4e+38 -3.4e+38 -3.4e+38 -3.4e+38 -3.4e+38 -3.4e+38 -3.4e+38 -3.4e+38 -3.4e+38 -3.4e+38 -3.4e+38 -3.4e+38 -3.4e+38 -3.4e+38 -3.4e+38 -3.4e+38 -3.4e+38 -3.4e+38 -3.4e+38 -3.4e+38 -3.4e+38 -3.4e+38 -3.4e+38 -3.4e+38 -3.4e+38 -3.4e+38 -3.4e+38 -3.4e+38 -3.4e+38
