AnalysisFolder/EnvironmentalData/Future/rcp8_5/2100/savg.asc
NCOLS 360 
NROWS 90 
XLLCORNER -180 
YLLCORNER 0 
CELLSIZE 1 
NODATA_value -3.4e+38 
[rows 46 to 68 of 90, columns 104 to 155 of 360]
-3.4e+38 -3.4e+38 -3.4e+38 -3.4e+38 -3.4e+38 -3.4e+38 -3.4e+38 36.5259170532227 36.5443992614746 -3.4e+38 -3.4e+38 36.481086730957 36.3433113098145 36.2390251159668 36.0887756347656 35.9538841247559 35.9009284973145 35.885669708252 35.8383750915527 35.7358207702637 35.5818214416504 35.3817329406738 35.1393051147461 34.8874549865723 34.7801551818848 34.8484344482422 35.088680267334 35.3552284240723 35.4846992492676 35.4515037536621 35.3333473205566 35.2091102600098 35.1082611083984 35.0254135131836 34.9531173706055 34.8896141052246 34.8343811035156 34.7885284423828 34.7546501159668 34.7340888977051 34.7295455932617 34.7484664916992 34.8029441833496 34.9006843566895 35.0295181274414 35.153076171875 35.2345542907715 35.2752990722656 35.3061561584473 35.3509712219238 35.431209564209 35.5456199645996
-3.4e+38 -3.4e+38 -3.4e+38 -3.4e+38 -3.4e+38 -3.4e+38 36.5910377502441 36.619441986084 36.6563301086426 36.6913223266602 36.7208099365234 36.7419700622559 36.7460098266602 36.7142868041992 36.6623764038086 36.6043357849121 36.5418090820312 36.4704895019531 36.3886451721191 36.3007316589355 36.2108535766602 36.1155891418457 36.0086479187012 35.8942413330078 35.7852668762207 35.7419776916504 35.800910949707 35.8872261047363 35.9198455810547 35.8773994445801 35.7967796325684 35.7190055847168 35.6534957885742 35.5900611877441 35.5233154296875 35.4548149108887 35.3881912231445 35.3281440734863 35.2781982421875 35.2403335571289 35.2191352844238 35.2272987365723 35.2821960449219 35.3866806030273 35.5140037536621 35.6190948486328 35.6743125915527 35.6889762878418 35.6950225830078 35.7324867248535 35.8193778991699 35.9279441833496
-3.4e+38 -3.4e+38 -3.4e+38 -3.4e+38 -3.4e+38 -3.4e+38 36.744327545166 36.7738189697266 36.8076820373535 36.8404731750488 36.8722839355469 36.8903579711914 36.8851852416992 36.8634262084961 36.8318405151367 36.7960166931152 36.7566299438477 36.7131309509277 36.6648445129395 36.615177154541 36.5659370422363 36.5169105529785 36.4666442871094 36.4141464233398 36.3592643737793 36.3124885559082 36.2823600769043 36.2579803466797 36.2252235412598 36.1816902160645 36.1365814208984 36.0961875915527 36.0570068359375 36.0128173828125 35.9623222351074 35.9076957702637 35.8529891967773 35.802547454834 35.7598648071289 35.7294807434082 35.7191696166992 35.7412490844727 35.8031616210938 35.8930816650391 35.9801483154297 36.0354156494141 36.0539054870605 36.0494194030762 36.0426940917969 36.069507598877 36.1406440734863 36.2252235412598
-3.4e+38 -3.4e+38 -3.4e+38 -3.4e+38 36.8696517944336 36.887523651123 36.8958892822266 36.9129524230957 36.935302734375 36.9503784179688 36.9544868469238 36.9485740661621 36.9340515136719 36.9136772155762 36.8904418945312 36.8670501708984 36.8432159423828 36.8179779052734 36.7907638549805 36.7613983154297 36.7300682067871 36.6972579956055 36.6635398864746 36.6291885375977 36.5940551757812 36.5582084655762 36.5231399536133 36.4887809753418 36.4559478759766 36.4257202148438 36.3984031677246 36.3728294372559 36.3465919494629 36.3175811767578 36.2856216430664 36.2518463134766 36.2184143066406 36.1884536743164 36.1653900146484 36.1548652648926 36.165210723877 36.2029418945312 36.2626266479492 36.3233108520508 36.3606147766113 36.3669662475586 36.3563995361328 36.3424072265625 36.3326606750488 36.346305847168 36.3907623291016 36.4463996887207
-3.4e+38 -3.4e+38 36.9206466674805 36.972297668457 37.0038871765137 37.0131225585938 37.0141372680664 37.0111465454102 37.0048294067383 36.9952430725098 36.982723236084 36.9677238464355 36.950984954834 36.9338645935059 36.9178161621094 36.9026832580566 36.8870735168457 36.8701019287109 36.851261138916 36.8303833007812 36.8077583312988 36.7841300964355 36.7603454589844 36.7369537353516 36.7141151428223 36.6917533874512 36.6698226928711 36.648509979248 36.6282501220703 36.6091156005859 36.5909538269043 36.5736045837402 36.5568466186523 36.5403823852539 36.5241622924805 36.5083351135254 36.4937973022461 36.4827766418457 36.4776611328125 36.4822387695312 36.5012855529785 36.5353050231934 36.5758514404297 36.6076202392578 36.6181602478027 36.6082153320312 36.5900230407715 36.5726852416992 36.561164855957 36.5627899169922 36.5821952819824 36.6119918823242
-3.4e+38 36.9722023010254 36.9947967529297 37.0223007202148 37.0351524353027 37.0378684997559 37.0337028503418 37.0248489379883 37.012866973877 36.9990653991699 36.9845962524414 36.9704971313477 36.957576751709 36.9461326599121 36.9356575012207 36.9251365661621 36.9137802124023 36.9013061523438 36.8876533508301 36.8730201721191 36.8578338623047 36.8426246643066 36.8278846740723 36.8138847351074 36.8006896972656 36.7882499694824 36.7764511108398 36.7650871276855 36.7540092468262 36.7431602478027 36.7327613830566 36.7232246398926 36.7149772644043 36.7083435058594 36.7033920288086 36.6997756958008 36.6979866027832 36.6996955871582 36.7061080932617 36.718563079834 36.7377052307129 36.7610893249512 36.7824287414551 36.7943878173828 36.7937698364258 36.7844161987305 36.770881652832 36.7548751831055 36.7427024841309 36.7373657226562 36.7392120361328 36.7470779418945
-3.4e+38 37.0073013305664 37.0302085876465 37.0443000793457 37.050609588623 37.0471992492676 37.0370826721191 37.023307800293 37.0090560913086 36.9960327148438 36.9848213195801 36.975456237793 36.9676055908203 36.9604339599609 36.9531478881836 36.9453773498535 36.9371147155762 36.9284553527832 36.9195289611816 36.9105186462402 36.9016265869141 36.8931083679199 36.8851852416992 36.8779907226562 36.8715667724609 36.8658256530762 36.8606452941895 36.8559532165527 36.851734161377 36.8480033874512 36.8449172973633 36.8427734375 36.8420448303223 36.8431777954102 36.8462104797363 36.8507308959961 36.8572731018066 36.86669921875 36.8787994384766 36.8931884765625 36.9086456298828 36.9225654602051 36.9318580627441 36.9346580505371 36.9314918518066 36.9245300292969 36.9143867492676 36.9015235900879 36.8903732299805 36.8826446533203 36.8754234313965 36.8693923950195
-3.4e+38 37.020320892334 37.0415687561035 37.0513000488281 37.0502662658691 37.0422096252441 37.0293579101562 37.0170249938965 37.006763458252 36.9986000061035 36.9922332763672 36.9872436523438 36.9829254150391 36.9785346984863 36.9737777709961 36.9687957763672 36.9638214111328 36.9589958190918 36.9543609619141 36.9499778747559 36.9459342956543 36.9423141479492 36.9392204284668 36.9367980957031 36.9352226257324 36.9345436096191 36.9346466064453 36.9354438781738 36.9369926452637 36.9393997192383 36.942741394043 36.9471282958984 36.9528427124023 36.960205078125 36.9691772460938 36.9793586730957 36.9910125732422 37.0039978027344 37.017333984375 37.0302124023438 37.0415992736816 37.0499687194824 37.0544204711914 37.0551795959473 37.052848815918 37.0475540161133 37.0394821166992 37.0296630859375 37.0199775695801 37.0103645324707 36.9999618530273 36.9889984130859
-3.4e+38 37.0248680114746 37.0461463928223 37.0520248413086 37.0457229614258 37.035572052002 37.0254898071289 37.0181198120117 37.0126647949219 37.0087356567383 37.0061149597168 37.0043716430664 37.0028839111328 37.0012054443359 36.999340057373 36.9975166320801 36.9958992004395 36.9946060180664 36.9936599731445 36.9931411743164 36.9931335449219 36.9936561584473 36.9947471618652 36.9965934753418 36.9994583129883 37.0035057067871 37.0086402893066 37.0145301818848 37.0211791992188 37.0288391113281 37.0376129150391 37.0474624633789 37.058422088623 37.0705451965332 37.0836296081543 37.0973472595215 37.1115531921387 37.1254730224609 37.1380882263184 37.1491889953613 37.1584968566895 37.1652793884277 37.1691207885742 37.1702461242676 37.1689071655273 37.1648406982422 37.1580848693848 37.1499900817871 37.1410369873047 37.1306953430176 37.1185913085938 37.1038360595703
36.9951057434082 37.0269584655762 37.0491065979004 37.0543632507324 37.0464477539062 37.0365104675293 37.0303001403809 37.0265693664551 37.024471282959 37.0239524841309 37.0247535705566 37.0262870788574 37.0279693603516 37.0295295715332 37.0310211181641 37.032543182373 37.0341987609863 37.0362281799316 37.0387535095215 37.0418891906738 37.0457420349121 37.0503349304199 37.0557136535645 37.0619888305664 37.0693855285645 37.0780181884766 37.0878410339355 37.0984344482422 37.1096801757812 37.1218223571777 37.1349830627441 37.1490516662598 37.1638336181641 37.1791191101074 37.1946258544922 37.2100639343262 37.224983215332 37.2386856079102 37.2504692077637 37.2606201171875 37.2693367004395 37.2761573791504 37.2804565429688 37.2819900512695 37.2808074951172 37.2766532897949 37.269832611084 37.261905670166 37.2526359558105 37.2406272888184 37.224536895752 37.2029457092285
37.0270690917969 37.0494804382324 37.058650970459 37.0580940246582 37.0500450134277 37.0438842773438 37.0417938232422 37.0411758422852 37.0423698425293 37.0453796386719 37.0496788024902 37.0546188354492 37.0597267150879 37.0648040771484 37.0698394775391 37.0748748779297 37.0800247192383 37.0856018066406 37.0918617248535 37.0989532470703 37.1069488525391 37.1158409118652 37.1256256103516 37.1363639831543 37.1481475830078 37.1610336303711 37.1749725341797 37.189510345459 37.2045745849609 37.220272064209 37.2366180419922 37.2534713745117 37.2705383300781 37.2874603271484 37.3038864135742 37.3195190429688 37.3339233398438 37.346794128418 37.3580322265625 37.3677558898926 37.3760833740234 37.3824729919434 37.386100769043 37.3865928649902 37.3842506408691 37.3791618347168 37.3714637756348 37.3619689941406 37.350154876709 37.3342170715332 37.3129997253418 37.2863349914551
37.0433044433594 37.0578384399414 37.0603828430176 37.0590934753418 37.0571937561035 37.0594863891602 37.0619697570801 37.06494140625 37.069938659668 37.0765762329102 37.0842895507812 37.0925712585449 37.1010932922363 37.1096801757812 37.1182823181152 37.1269760131836 37.1359367370605 37.1455039978027 37.1558799743652 37.1671714782715 37.179443359375 37.1926651000977 37.2067680358887 37.2217025756836 37.2374229431152 37.2539138793945 37.2710647583008 37.2886161804199 37.3064002990723 37.3244361877441 37.3426551818848 37.3608436584473 37.3786430358887 37.3956527709961 37.4115219116211 37.4259948730469 37.4391593933105 37.4509353637695 37.4611854553223 37.469856262207 37.476634979248 37.4809989929199 37.4825439453125 37.4812507629395 37.4773941040039 37.471019744873 37.461784362793 37.4496994018555 37.4343109130859 37.4145927429199 37.3901557922363 37.3615226745605
37.0626487731934 37.0655517578125 37.0661773681641 37.0712738037109 37.0799217224121 37.088794708252 37.0957374572754 37.1033515930176 37.1123886108398 37.1223487854004 37.1331100463867 37.144416809082 37.1561126708984 37.1681442260742 37.1804008483887 37.1929588317871 37.2060127258301 37.219841003418 37.2344169616699 37.2498016357422 37.2660903930664 37.2832260131836 37.3010330200195 37.3193283081055 37.3379859924316 37.3569297790527 37.3760452270508 37.3951606750488 37.4142456054688 37.4332389831543 37.4519462585449 37.4700241088867 37.4870681762695 37.5027236938477 37.5167961120605 37.5293731689453 37.5406532287598 37.550464630127 37.5586395263672 37.5648536682129 37.5687828063965 37.5703239440918 37.5694198608398 37.5660133361816 37.5601081848145 37.5516166687012 37.5399208068848 37.5248756408691 37.5061187744141 37.4833946228027 37.4570121765137 37.4276123046875
37.0801849365234 37.0806541442871 37.0901908874512 37.1068000793457 37.1232604980469 37.1362190246582 37.1482620239258 37.1609840393066 37.1738662719727 37.1870803833008 37.2009048461914 37.2153015136719 37.230152130127 37.2453956604004 37.2610626220703 37.2772636413574 37.2940788269043 37.3116493225098 37.3298759460449 37.3487281799316 37.3682899475098 37.3884124755859 37.4087944030762 37.4291496276855 37.4492797851562 37.4690971374512 37.4885902404785 37.5077133178711 37.5265274047852 37.5449333190918 37.5625686645508 37.5789985656738 37.5938377380371 37.6068801879883 37.6182174682617 37.6281852722168 37.6366500854492 37.6433715820312 37.6482048034668 37.6509437561035 37.6515159606934 37.6498832702637 37.6459121704102 37.6394309997559 37.6303176879883 37.6183967590332 37.6030426025391 37.5842666625977 37.561882019043 37.5360527038574 37.5073699951172 37.4763145446777
37.1140251159668 37.1217193603516 37.143970489502 37.1694297790527 37.1895446777344 37.2065353393555 37.2238883972168 37.2409248352051 37.2570762634277 37.273265838623 37.2899551391602 37.3071517944336 37.3248329162598 37.3429870605469 37.3616905212402 37.3810615539551 37.4010047912598 37.421443939209 37.4422798156738 37.4634628295898 37.484977722168 37.5065422058105 37.5277938842773 37.5484085083008 37.5682029724121 37.5871849060059 37.6055068969727 37.6231880187988 37.6402359008789 37.6564025878906 37.6713523864746 37.6846885681152 37.696117401123 37.7055778503418 37.7132797241211 37.7195281982422 37.7241401672363 37.7267303466797 37.7273826599121 37.7259712219238 37.7224159240723 37.7165756225586 37.7082214355469 37.6970901489258 37.6829948425293 37.6658592224121 37.6450462341309 37.6208343505859 37.5931396484375 37.5623168945312 37.528995513916 37.4936370849609
37.1792449951172 37.1981925964355 37.2277412414551 37.2562866210938 37.279296875 37.3008079528809 37.3223266601562 37.3424453735352 37.361270904541 37.3798637390137 37.3987312316895 37.4179763793945 37.4376907348633 37.4579696655273 37.4789047241211 37.5004997253418 37.5224723815918 37.5446624755859 37.5669174194336 37.5890769958496 37.6110076904297 37.63232421875 37.652660369873 37.6717834472656 37.6896324157715 37.7063636779785 37.72216796875 37.7370338439941 37.7508354187012 37.7632865905762 37.7741546630859 37.7831344604492 37.7900314331055 37.7949104309082 37.7979774475098 37.7994155883789 37.7990188598633 37.7964706420898 37.7918815612793 37.7850379943848 37.7757034301758 37.7636833190918 37.7487564086914 37.7306747436523 37.7093124389648 37.684684753418 37.6562194824219 37.6243019104004 37.5890655517578 37.5509071350098 37.5104293823242 37.4681854248047
37.2825927734375 37.3161163330078 37.3403587341309 37.3634490966797 37.3881225585938 37.4136428833008 37.4378547668457 37.4600677490234 37.4807510375977 37.5007057189941 37.5206108093262 37.5408515930176 37.5617141723633 37.5833320617676 37.6056938171387 37.628589630127 37.6514549255371 37.6740837097168 37.6963386535645 37.7179260253906 37.7386360168457 37.7580642700195 37.775936126709 37.792179107666 37.8068733215332 37.8202133178711 37.8324089050293 37.8432884216309 37.8525276184082 37.8600425720215 37.8656883239746 37.8692321777344 37.8706016540527 37.8698806762695 37.8671646118164 37.862606048584 37.8559799194336 37.8469352722168 37.83544921875 37.8212585449219 37.8040809631348 37.7837181091309 37.7600135803223 37.7328643798828 37.7022552490234 37.6682357788086 37.6303939819336 37.5891647338867 37.5447463989258 37.4975814819336 37.4483032226562 37.3974571228027
37.3908004760742 37.4497756958008 37.4661827087402 37.4801940917969 37.5059089660645 37.5347328186035 37.5609245300293 37.5844039916992 37.6056480407715 37.6255226135254 37.645076751709 37.6651458740234 37.6862297058105 37.7084007263184 37.7313385009766 37.7544937133789 37.777214050293 37.7992401123047 37.8202171325684 37.8398590087891 37.8579521179199 37.8742256164551 37.8885688781738 37.9010353088379 37.9117469787598 37.9208602905273 37.9285507202148 37.9344291687012 37.9379768371582 37.9394416809082 37.9387588500977 37.9358139038086 37.9306373596191 37.9232749938965 37.9136848449707 37.9019165039062 37.887752532959 37.8706741333008 37.8506698608398 37.8274879455566 37.8008995056152 37.7707862854004 37.7371253967285 37.6999244689941 37.6592597961426 37.6153182983398 37.5678291320801 37.5172080993652 37.4636840820312 37.4076194763184 37.3496170043945 37.2901763916016
37.3870315551758 37.5064849853516 37.5588912963867 37.587215423584 37.6186103820801 37.6507873535156 37.6794586181641 37.7038383483887 37.7240333557129 37.7416152954102 37.7588882446289 37.7772598266602 37.7973670959473 37.8190689086914 37.8416900634766 37.8643493652344 37.88623046875 37.906810760498 37.9255905151367 37.9423713684082 37.9570541381836 37.9695320129395 37.9798240661621 37.9880180358887 37.9942054748535 37.998462677002 38.0008201599121 38.0006675720215 37.9979248046875 37.9927825927734 37.985179901123 37.9751358032227 37.9626922607422 37.947826385498 37.9304962158203 37.9107093811035 37.8881950378418 37.8623428344727 37.8332595825195 37.8007888793945 37.7647743225098 37.7251586914062 37.6820106506348 37.6355209350586 37.5859222412109 37.5333976745605 37.4778137207031 37.4194564819336 37.3584976196289 37.2952919006348 37.230281829834 37.1638565063477
37.4057006835938 37.524471282959 37.6014366149902 37.6550445556641 37.7005958557129 37.7418174743652 37.7764053344727 37.8030166625977 37.8215179443359 37.8341865539551 37.8459777832031 37.8598480224609 37.8769683837891 37.8970146179199 37.9186668395996 37.9404296875 37.9612579345703 37.9802474975586 37.9966354370117 38.010570526123 38.0219879150391 38.0308418273926 38.0371856689453 38.0410957336426 38.0426330566406 38.0418434143066 38.0386390686035 38.032398223877 38.0234642028809 38.0117950439453 37.9974136352539 37.9804267883301 37.9608573913574 37.9386749267578 37.9139137268066 37.886589050293 37.8563995361328 37.8227958679199 37.7859001159668 37.7456283569336 37.7018547058105 37.6545753479004 37.6039543151855 37.55029296875 37.4939498901367 37.4351196289062 37.3738174438477 37.3100852966309 37.2439880371094 37.1758232116699 37.1059913635254 37.0348739624023
37.4125328063965 37.493335723877 37.560245513916 37.6328201293945 37.7099113464355 37.7792510986328 37.8326835632324 37.8676147460938 37.8849182128906 37.8886566162109 37.8886680603027 37.8913993835449 37.9003448486328 37.9159202575684 37.9361190795898 37.957950592041 37.9790229797363 37.9979248046875 38.0135498046875 38.0261840820312 38.035816192627 38.0424652099609 38.0461921691895 38.0470428466797 38.0450897216797 38.0404281616211 38.0329208374023 38.022045135498 38.0079879760742 37.9908447265625 37.9708480834961 37.9482612609863 37.9231986999512 37.8956718444824 37.8657073974609 37.833251953125 37.7977867126465 37.7590217590332 37.7170104980469 37.6716575622559 37.622875213623 37.5707321166992 37.5154457092285 37.4573402404785 37.3967704772949 37.3339424133301 37.2688865661621 37.2016143798828 37.1320610046387 37.0604705810547 36.9873352050781 36.913200378418
37.3774070739746 37.4028549194336 37.437801361084 37.5161972045898 37.6270980834961 37.7400245666504 37.8324661254883 37.8901329040527 37.9110069274902 37.9006309509277 37.8772506713867 37.8548355102539 37.8444061279297 37.8501510620117 37.8686447143555 37.8926963806152 37.916877746582 37.9385719299316 37.9562835693359 37.9704132080078 37.9810943603516 37.9884757995605 37.9926528930664 37.9936752319336 37.9915313720703 37.9861335754395 37.9773025512695 37.9644470214844 37.9478149414062 37.9278678894043 37.905158996582 37.8800735473633 37.8528251647949 37.8234977722168 37.792064666748 37.7582015991211 37.7212905883789 37.6810150146484 37.6374206542969 37.5904312133789 37.5400619506836 37.486457824707 37.429817199707 37.3703536987305 37.3083381652832 37.2438545227051 37.1769676208496 37.107723236084 37.0360260009766 36.9621124267578 36.8864479064941 36.8097114562988
37.338737487793 37.2663688659668 37.2531204223633 37.3347969055176 37.4801254272461 37.6420097351074 37.7843475341797 37.8782653808594 37.9140892028809 37.8905220031738 37.8297958374023 37.7571983337402 37.7041282653809 37.6882400512695 37.7042083740234 37.7340431213379 37.7656860351562 37.7946090698242 37.8185577392578 37.8380737304688 37.8538246154785 37.8661689758301 37.8752517700195 37.8810081481934 37.8832130432129 37.8815383911133 37.8756561279297 37.8648223876953 37.8494758605957 37.8305206298828 37.8088111877441 37.7848892211914 37.7590942382812 37.7316207885742 37.7023849487305 37.6708908081055 37.6363830566406 37.5984191894531 37.5569610595703 37.5119476318359 37.4635047912598 37.4118385314941 37.3571357727051 37.2995414733887 37.2392578125 37.1763534545898 37.1107368469238 37.0424499511719 36.9713554382324 36.8975372314453 36.8212890625 36.7432060241699
