AnalysisFolder/EnvironmentalData/Future/rcp8_5/2100/savg.asc
NCOLS 360 
NROWS 90 
XLLCORNER -180 
YLLCORNER 0 
CELLSIZE 1 
NODATA_value -3.4e+38 
[rows 0 to 22 of 90, columns 52 to 103 of 360]
31.0036296844482 31.004207611084 31.0047855377197 31.0053615570068 31.0059394836426 31.0065155029297 31.0070915222168 31.0076656341553 31.0082416534424 31.0088157653809 31.0093898773193 31.0099639892578 31.0105381011963 31.0111103057861 31.0116844177246 31.0122566223145 31.0128269195557 31.0133991241455 31.0139694213867 31.0145397186279 31.0151100158691 31.0156803131104 31.0162487030029 31.0168190002441 31.0173873901367 31.0179557800293 31.0185222625732 31.0190887451172 31.0196571350098 31.0202236175537 31.020788192749 31.021354675293 31.0219192504883 31.0224838256836 31.0236282348633 31.0252685546875 31.0269088745117 31.0285491943359 31.0295677185059 31.0303230285645 31.0310821533203 31.0318470001221 31.0326156616211 31.0333881378174 31.0341644287109 31.0349464416504 31.0357322692871 31.0365219116211 31.037317276001 31.0381164550781 31.0389213562012 31.0397300720215
30.8873653411865 30.8888034820557 30.8902435302734 30.8916854858398 30.8931293487549 30.8945751190186 30.8960227966309 30.8974704742432 30.8989219665527 30.9003734588623 30.9018287658691 30.903284072876 30.9047431945801 30.9062023162842 30.908239364624 30.9104270935059 30.9126052856445 30.9147758483887 30.916934967041 30.9190864562988 30.9212284088135 30.923360824585 30.9254837036133 30.9275989532471 30.9297065734863 30.9318027496338 30.9338932037354 30.9359722137451 30.938045501709 30.9401073455811 30.9421558380127 30.9441947937012 30.9462261199951 30.9482460021973 30.9502582550049 30.9522609710693 30.9542541503906 30.9562397003174 30.958215713501 30.960901260376 30.9636669158936 30.9664421081543 30.9691734313965 30.971851348877 30.9745426177979 30.9772472381592 30.9799633026123 30.9826946258545 30.9854373931885 30.9881935119629 30.9909038543701 30.9935607910156
30.8037071228027 30.8058319091797 30.8079605102539 30.8100929260254 30.8122310638428 30.8143711090088 30.8165168762207 30.8186664581299 30.8208198547363 30.8229789733887 30.8251419067383 30.8274402618408 30.8299694061279 30.8324928283691 30.8350124359131 30.8375263214111 30.8400363922119 30.8425388336182 30.8450393676758 30.8475322723389 30.8500213623047 30.8525066375732 30.8549842834473 30.857458114624 30.8599262237549 30.8625812530518 30.8654804229736 30.8683834075928 30.8712882995605 30.8742027282715 30.8771152496338 30.8800277709961 30.8829402923584 30.8858509063721 30.8887615203857 30.8916721343994 30.8945808410645 30.8974914550781 30.9004001617432 30.9033069610596 30.9063682556152 30.909761428833 30.913179397583 30.9166221618652 30.9200611114502 30.9235229492188 30.9270114898682 30.9305229187012 30.934061050415 30.9375915527344 30.9411468505859 30.9447269439697
30.7384643554688 30.741060256958 30.7436466217041 30.7462368011475 30.7488307952881 30.7514266967773 30.7540264129639 30.7566299438477 30.7592353820801 30.7618427276611 30.7644557952881 30.7670726776123 30.7696971893311 30.7723217010498 30.7749462127686 30.7775726318359 30.7801971435547 30.7828216552734 30.7854461669922 30.7880706787109 30.7906970977783 30.7933235168457 30.7959594726562 30.79860496521 30.8012619018555 30.8039302825928 30.8066101074219 30.8093013763428 30.8120021820068 30.8147163391113 30.8174495697021 30.8201961517334 30.8229827880859 30.825813293457 30.8286876678467 30.8316059112549 30.8345680236816 30.8375759124756 30.8406219482422 30.8437080383301 30.846830368042 30.8499946594238 30.8532161712646 30.8565235137939 30.859920501709 30.8634033203125 30.86696434021 30.8705921173096 30.8743000030518 30.8780879974365 30.8819351196289 30.8858470916748
30.6868286132812 30.6897525787354 30.6926746368408 30.6955947875977 30.6985263824463 30.7013053894043 30.7040252685547 30.7067413330078 30.709451675415 30.7121562957764 30.7148551940918 30.7175483703613 30.7202262878418 30.7225646972656 30.7248992919922 30.7272300720215 30.7295570373535 30.7318801879883 30.7341995239258 30.736515045166 30.7385997772217 30.7403831481934 30.7421855926514 30.7440052032471 30.7458419799805 30.7476959228516 30.749568939209 30.7514591217041 30.7527408599854 30.7539558410645 30.7552528381348 30.7566299438477 30.7580890655518 30.7596282958984 30.7612457275391 30.7629070281982 30.7639274597168 30.7651309967041 30.7665119171143 30.7680625915527 30.7697887420654 30.7716903686523 30.7737693786621 30.7760066986084 30.7780055999756 30.7802238464355 30.7827167510986 30.7854499816895 30.7884464263916 30.7917003631592 30.7951507568359 30.798849105835
30.6442699432373 30.6473846435547 30.6502914428711 30.6531810760498 30.6560573577881 30.6589107513428 30.6617374420166 30.6645374298096 30.6669292449951 30.669189453125 30.6714153289795 30.6736030578613 30.6757545471191 30.6778659820557 30.6796455383301 30.6810188293457 30.6823616027832 30.6836757659912 30.6849575042725 30.686206817627 30.6871871948242 30.6872882843018 30.6873893737793 30.6874904632568 30.6875896453857 30.6876888275146 30.6876964569092 30.6861991882324 30.6847705841064 30.683406829834 30.6821155548096 30.6808948516846 30.6797466278076 30.6771659851074 30.6745452880859 30.6721172332764 30.6698837280273 30.6678447723389 30.6660022735596 30.6635036468506 30.660701751709 30.6583003997803 30.6562938690186 30.6546726226807 30.6534423828125 30.6526203155518 30.6514663696289 30.6508541107178 30.6508445739746 30.6514186859131 30.6525535583496 30.6543369293213
30.6067562103271 30.609806060791 30.6128215789795 30.6158008575439 30.6187114715576 30.6212348937988 30.6234493255615 30.6255989074707 30.6276798248291 30.6296367645264 30.6314945220947 30.6323528289795 30.6331062316895 30.6337585449219 30.6343040466309 30.6346645355225 30.6342735290527 30.633358001709 30.6323375701904 30.6312084197998 30.6299667358398 30.628210067749 30.625524520874 30.6227798461914 30.6199703216553 30.6170883178711 30.6138610839844 30.6089191436768 30.6039848327637 30.5990600585938 30.594144821167 30.5892391204834 30.5821533203125 30.5750751495361 30.5681114196777 30.5612697601318 30.5545501708984 30.5468235015869 30.5389518737793 30.5312690734863 30.5237789154053 30.5164890289307 30.5097389221191 30.5033893585205 30.497127532959 30.491153717041 30.4853763580322 30.4806118011475 30.4819660186768 30.4822025299072 30.481201171875 30.4809722900391
30.5731964111328 30.57594871521 30.5785789489746 30.5809650421143 30.5829372406006 30.5847816467285 30.5863723754883 30.587776184082 30.5889301300049 30.5892372131348 30.589204788208 30.5890064239502 30.5886402130127 30.5877094268799 30.5854682922363 30.5829772949219 30.5802631378174 30.5773143768311 30.5731449127197 30.5679244995117 30.5624332427979 30.5566921234131 30.5506916046143 30.5437126159668 30.5365600585938 30.5292263031006 30.5216083526611 30.5130157470703 30.503532409668 30.493953704834 30.4842758178711 30.4744434356689 30.4632015228271 30.4519634246826 30.4407291412354 30.4294948577881 30.4203262329102 30.4123306274414 30.4041366577148 30.3957386016846 -3.4e+38 23.4445991516113 20.0901107788086 19.149356842041 20.6997566223145 -3.4e+38 -3.4e+38 -3.4e+38 -3.4e+38 -3.4e+38 -3.4e+38 -3.4e+38
30.5404415130615 30.5424957275391 30.5442810058594 30.5451698303223 30.5458126068115 30.5460319519043 30.5458221435547 30.5452613830566 30.5440235137939 30.5423583984375 30.5404472351074 30.5380439758301 30.534574508667 30.5308151245117 30.5267925262451 30.5220546722412 30.515811920166 30.5085124969482 30.5007629394531 30.4924488067627 30.4830341339111 30.4722862243652 30.4610710144043 30.4490909576416 30.4363708496094 30.4228248596191 30.4089641571045 30.3947353363037 30.3805236816406 30.3672962188721 30.354175567627 30.3411655426025 30.329870223999 30.3206386566162 30.3116588592529 30.3029384613037 -3.4e+38 -3.4e+38 -3.4e+38 -3.4e+38 -3.4e+38 -3.4e+38 -3.4e+38 -3.4e+38 -3.4e+38 -3.4e+38 -3.4e+38 -3.4e+38 -3.4e+38 -3.4e+38 -3.4e+38 -3.4e+38
30.5028514862061 30.5034580230713 30.5036945343018 30.5026378631592 30.5010261535645 30.4989223480225 30.4957733154297 30.4917049407959 30.486665725708 30.4809074401855 30.4745998382568 30.4674701690674 30.4600887298584 30.4519348144531 30.4426250457764 30.4331798553467 30.4228820800781 30.4117946624756 30.4004726409912 30.386905670166 30.3727931976318 30.3586254119873 30.3434047698975 30.3253726959229 30.3073844909668 30.2894401550293 30.2716369628906 30.2539806365967 30.2363739013672 30.2188777923584 -3.4e+38 -3.4e+38 -3.4e+38 -3.4e+38 -3.4e+38 -3.4e+38 -3.4e+38 -3.4e+38 -3.4e+38 -3.4e+38 -3.4e+38 -3.4e+38 -3.4e+38 -3.4e+38 -3.4e+38 -3.4e+38 -3.4e+38 -3.4e+38 -3.4e+38 -3.4e+38 -3.4e+38 -3.4e+38
30.4567813873291 30.4549331665039 30.4522647857666 30.4484462738037 30.4438037872314 30.4378356933594 30.4310321807861 30.4216690063477 30.4117240905762 30.3994674682617 30.3864002227783 30.371265411377 30.3548622131348 30.3369045257568 30.317211151123 30.2968482971191 30.2719821929932 30.2446098327637 30.2221660614014 30.2013854980469 30.1819286346436 30.1633605957031 30.1518135070801 30.1443862915039 30.1422863006592 30.1327743530273 30.1257343292236 30.1208114624023 30.1159725189209 30.1139240264893 30.1124687194824 -3.4e+38 -3.4e+38 -3.4e+38 -3.4e+38 -3.4e+38 -3.4e+38 -3.4e+38 -3.4e+38 -3.4e+38 -3.4e+38 -3.4e+38 -3.4e+38 -3.4e+38 -3.4e+38 -3.4e+38 -3.4e+38 -3.4e+38 -3.4e+38 -3.4e+38 -3.4e+38 -3.4e+38
30.3999366760254 30.3938121795654 30.3861961364746 30.3774299621582 30.366771697998 30.3545780181885 30.3396301269531 30.3227977752686 30.3026714324951 30.2804660797119 30.254415512085 30.2277221679688 30.1989555358887 30.1694107055664 28.4877510070801 19.0933933258057 -3.4e+38 -3.4e+38 -3.4e+38 -3.4e+38 29.8621025085449 29.8608932495117 -3.4e+38 -3.4e+38 -3.4e+38 -3.4e+38 -3.4e+38 -3.4e+38 -3.4e+38 -3.4e+38 -3.4e+38 -3.4e+38 -3.4e+38 -3.4e+38 -3.4e+38 -3.4e+38 -3.4e+38 -3.4e+38 -3.4e+38 -3.4e+38 -3.4e+38 -3.4e+38 -3.4e+38 -3.4e+38 -3.4e+38 -3.4e+38 -3.4e+38 -3.4e+38 -3.4e+38 -3.4e+38 -3.4e+38 -3.4e+38
30.3307590484619 30.3170776367188 30.301685333252 30.2815246582031 30.2605533599854 30.2357578277588 30.2087173461914 30.1802158355713 30.1562824249268 30.1334953308105 -3.4e+38 -3.4e+38 -3.4e+38 -3.4e+38 -3.4e+38 -3.4e+38 -3.4e+38 -3.4e+38 -3.4e+38 29.7552967071533 29.7453670501709 29.730525970459 29.7119693756104 29.6876430511475 29.6536045074463 29.6098098754883 29.5574417114258 29.4900417327881 29.4292144775391 29.372350692749 19.6652565002441 18.6637325286865 -3.4e+38 29.0975360870361 29.0768585205078 29.0628604888916 29.06422996521 19.6314105987549 -3.4e+38 -3.4e+38 -3.4e+38 -3.4e+38 -3.4e+38 -3.4e+38 -3.4e+38 -3.4e+38 -3.4e+38 -3.4e+38 -3.4e+38 -3.4e+38 -3.4e+38 30.4957828521729
30.2483978271484 30.2274475097656 30.2021484375 30.1753673553467 30.1501159667969 -3.4e+38 -3.4e+38 -3.4e+38 -3.4e+38 -3.4e+38 -3.4e+38 -3.4e+38 11.3268032073975 -3.4e+38 29.7875232696533 29.7807903289795 29.7736434936523 15.5046157836914 -3.4e+38 -3.4e+38 -3.4e+38 29.6385726928711 29.627269744873 29.6183128356934 17.9463977813721 -3.4e+38 -3.4e+38 -3.4e+38 -3.4e+38 -3.4e+38 -3.4e+38 -3.4e+38 -3.4e+38 -3.4e+38 -3.4e+38 -3.4e+38 -3.4e+38 -3.4e+38 -3.4e+38 -3.4e+38 -3.4e+38 -3.4e+38 -3.4e+38 -3.4e+38 -3.4e+38 -3.4e+38 -3.4e+38 -3.4e+38 -3.4e+38 -3.4e+38 -3.4e+38 30.4830989837646
30.1688556671143 30.1505699157715 30.1289978027344 30.1041164398193 30.0760536193848 -3.4e+38 29.9962825775146 29.961462020874 29.9291210174561 28.2498188018799 16.0439929962158 -3.4e+38 -3.4e+38 -3.4e+38 -3.4e+38 -3.4e+38 -3.4e+38 -3.4e+38 -3.4e+38 -3.4e+38 -3.4e+38 -3.4e+38 -3.4e+38 3.85745930671692 -3.4e+38 -3.4e+38 -3.4e+38 -3.4e+38 -3.4e+38 -3.4e+38 -3.4e+38 1.5693986415863 -3.4e+38 -3.4e+38 -3.4e+38 -3.4e+38 -3.4e+38 -3.4e+38 -3.4e+38 -3.4e+38 -3.4e+38 -3.4e+38 -3.4e+38 -3.4e+38 -3.4e+38 -3.4e+38 -3.4e+38 -3.4e+38 -3.4e+38 -3.4e+38 30.4900321960449 30.5595779418945
30.1057739257812 30.0959129333496 30.0851593017578 16.17822265625 -3.4e+38 -3.4e+38 -3.4e+38 8.12827587127686 17.2177753448486 -3.4e+38 29.7520694732666 29.7136287689209 29.672212600708 -3.4e+38 -3.4e+38 -3.4e+38 -3.4e+38 -3.4e+38 29.1734428405762 29.0916633605957 29.0021057128906 28.8931636810303 28.7864723205566 28.6987228393555 28.6133403778076 28.5671653747559 28.5414886474609 28.54567527771 28.5420742034912 28.5607795715332 28.5914402008057 28.618371963501 28.6399765014648 28.6585807800293 28.6736373901367 20.4410705566406 1.59428346157074 -3.4e+38 -3.4e+38 -3.4e+38 -3.4e+38 -3.4e+38 -3.4e+38 -3.4e+38 -3.4e+38 -3.4e+38 -3.4e+38 -3.4e+38 30.2631645202637 30.3887805938721 30.4613857269287 30.5458889007568
30.0297794342041 30.0345077514648 30.0405979156494 -3.4e+38 -3.4e+38 -3.4e+38 -3.4e+38 -3.4e+38 -3.4e+38 -3.4e+38 -3.4e+38 -3.4e+38 -3.4e+38 -3.4e+38 29.451286315918 29.4012565612793 29.3534736633301 29.3010444641113 29.2439289093018 29.1949348449707 19.4934310913086 -3.4e+38 -3.4e+38 -3.4e+38 27.8437652587891 27.8826351165771 21.6170902252197 -3.4e+38 -3.4e+38 -3.4e+38 -3.4e+38 -3.4e+38 -3.4e+38 -3.4e+38 -3.4e+38 -3.4e+38 -3.4e+38 -3.4e+38 28.2379722595215 20.8445682525635 -3.4e+38 -3.4e+38 -3.4e+38 3.68809127807617 -3.4e+38 -3.4e+38 -3.4e+38 -3.4e+38 -3.4e+38 -3.4e+38 -3.4e+38 -3.4e+38
29.8741645812988 29.8885307312012 -3.4e+38 -3.4e+38 -3.4e+38 -3.4e+38 -3.4e+38 -3.4e+38 -3.4e+38 -3.4e+38 -3.4e+38 -3.4e+38 -3.4e+38 -3.4e+38 -3.4e+38 -3.4e+38 -3.4e+38 -3.4e+38 -3.4e+38 -3.4e+38 -3.4e+38 -3.4e+38 -3.4e+38 -3.4e+38 24.1469955444336 -3.4e+38 -3.4e+38 -3.4e+38 -3.4e+38 -3.4e+38 -3.4e+38 -3.4e+38 -3.4e+38 -3.4e+38 -3.4e+38 -3.4e+38 27.8858489990234 -3.4e+38 -3.4e+38 -3.4e+38 -3.4e+38 -3.4e+38 -3.4e+38 -3.4e+38 -3.4e+38 -3.4e+38 -3.4e+38 -3.4e+38 -3.4e+38 -3.4e+38 -3.4e+38 -3.4e+38
29.6745567321777 29.699405670166 29.7087383270264 -3.4e+38 -3.4e+38 -3.4e+38 -3.4e+38 -3.4e+38 -3.4e+38 -3.4e+38 -3.4e+38 -3.4e+38 -3.4e+38 -3.4e+38 -3.4e+38 -3.4e+38 -3.4e+38 -3.4e+38 -3.4e+38 -3.4e+38 -3.4e+38 -3.4e+38 -3.4e+38 -3.4e+38 -3.4e+38 26.1618633270264 26.0953979492188 26.0248756408691 -3.4e+38 -3.4e+38 -3.4e+38 -3.4e+38 -3.4e+38 -3.4e+38 -3.4e+38 27.6732902526855 27.6489562988281 27.6387672424316 -3.4e+38 -3.4e+38 -3.4e+38 -3.4e+38 -3.4e+38 -3.4e+38 -3.4e+38 -3.4e+38 -3.4e+38 -3.4e+38 -3.4e+38 -3.4e+38 -3.4e+38 -3.4e+38
15.7064085006714 22.1355323791504 29.5672607421875 29.5465755462646 29.5205917358398 29.4994049072266 29.4863166809082 29.4780006408691 29.4747276306152 29.2812252044678 19.6737499237061 9.40738010406494 0.0643063634634018 -3.4e+38 -3.4e+38 -3.4e+38 -3.4e+38 -3.4e+38 -3.4e+38 -3.4e+38 -3.4e+38 -3.4e+38 -3.4e+38 -3.4e+38 -3.4e+38 -3.4e+38 -3.4e+38 25.4575710296631 25.3748588562012 25.3867454528809 25.416109085083 -3.4e+38 -3.4e+38 -3.4e+38 -3.4e+38 -3.4e+38 -3.4e+38 27.4022312164307 27.3793087005615 -3.4e+38 -3.4e+38 -3.4e+38 -3.4e+38 -3.4e+38 -3.4e+38 -3.4e+38 -3.4e+38 -3.4e+38 -3.4e+38 -3.4e+38 -3.4e+38 -3.4e+38
-3.4e+38 -3.4e+38 -3.4e+38 -3.4e+38 -3.4e+38 -3.4e+38 -3.4e+38 -3.4e+38 29.4490852355957 29.4484519958496 29.4523181915283 -3.4e+38 -3.4e+38 -3.4e+38 -3.4e+38 -3.4e+38 -3.4e+38 -3.4e+38 -3.4e+38 -3.4e+38 -3.4e+38 -3.4e+38 -3.4e+38 -3.4e+38 -3.4e+38 -3.4e+38 -3.4e+38 24.2645530700684 23.7795581817627 -3.4e+38 -3.4e+38 -3.4e+38 -3.4e+38 -3.4e+38 -3.4e+38 -3.4e+38 -3.4e+38 -3.4e+38 27.2771778106689 27.2638549804688 27.2487621307373 27.2343368530273 -3.4e+38 -3.4e+38 -3.4e+38 -3.4e+38 2.07022356987 23.9823150634766 -3.4e+38 23.9657516479492 -3.4e+38 -3.4e+38
-3.4e+38 -3.4e+38 -3.4e+38 -3.4e+38 -3.4e+38 -3.4e+38 -3.4e+38 -3.4e+38 -3.4e+38 -3.4e+38 -3.4e+38 -3.4e+38 -3.4e+38 -3.4e+38 -3.4e+38 -3.4e+38 -3.4e+38 -3.4e+38 -3.4e+38 -3.4e+38 -3.4e+38 -3.4e+38 -3.4e+38 -3.4e+38 -3.4e+38 23.8133296966553 23.809886932373 23.8153514862061 23.8298511505127 9.86443614959717 -3.4e+38 -3.4e+38 -3.4e+38 -3.4e+38 -3.4e+38 -3.4e+38 -3.4e+38 -3.4e+38 -3.4e+38 -3.4e+38 27.1626796722412 22.2064743041992 -3.4e+38 -3.4e+38 -3.4e+38 -3.4e+38 -3.4e+38 23.9596347808838 23.9493999481201 23.9315242767334 23.9165115356445 6.86601829528809
-3.4e+38 -3.4e+38 -3.4e+38 -3.4e+38 -3.4e+38 -3.4e+38 -3.4e+38 -3.4e+38 -3.4e+38 -3.4e+38 -3.4e+38 -3.4e+38 -3.4e+38 -3.4e+38 -3.4e+38 -3.4e+38 -3.4e+38 -3.4e+38 -3.4e+38 -3.4e+38 -3.4e+38 -3.4e+38 -3.4e+38 -3.4e+38 -3.4e+38 -3.4e+38 -3.4e+38 -3.4e+38 -3.4e+38 -3.4e+38 -3.4e+38 -3.4e+38 -3.4e+38 -3.4e+38 -3.4e+38 -3.4e+38 -3.4e+38 -3.4e+38 -3.4e+38 -3.4e+38 -3.4e+38 -3.4e+38 -3.4e+38 -3.4e+38 -3.4e+38 -3.4e+38 -3.4e+38 24.0035629272461 23.9414157867432 23.8487415313721 -3.4e+38 -3.4e+38
