AnalysisFolder/EnvironmentalData/Future/rcp8_5/2100/tavg.asc
NCOLS 360 
NROWS 90 
XLLCORNER -180 
YLLCORNER 0 
CELLSIZE 1 
NODATA_value -3.4e+38 
[rows 0 to 22 of 90, columns 0 to 51 of 360]
-0.918684244155884 -0.918723702430725 -0.918763279914856 -0.918802976608276 -0.918842852115631 -0.91888290643692 -0.918923079967499 -0.918963372707367 -0.919003844261169 -0.919044494628906 -0.919085323810577 -0.919126272201538 -0.919167339801788 -0.916576087474823 -0.916576087474823 -0.916576087474823 -0.916576087474823 -0.916576087474823 -0.916576087474823 -0.916576087474823 -0.916576087474823 -0.916576087474823 -0.916576087474823 -0.916576087474823 -0.916576087474823 -0.916576087474823 -0.916576087474823 -0.916576087474823 -0.916576087474823 -0.916576087474823 -0.916576087474823 -0.916576087474823 -0.916576087474823 -0.916576087474823 -0.916576087474823 -0.935972988605499 -0.936052680015564 -0.936132371425629 -0.936211943626404 -0.936291456222534 -0.936370849609375 -0.936450242996216 -0.936529576778412 -0.936608791351318 -0.93668794631958 -0.936767101287842 -0.936846137046814 -0.936925053596497 -0.937003970146179 -0.937082827091217 -0.937161564826965 -0.937240302562714
-0.942343473434448 -0.942976891994476 -0.943607449531555 -0.944235146045685 -0.944860100746155 -0.945482194423676 -0.946101486682892 -0.946733176708221 -0.947364985942841 -0.947996139526367 -0.948626637458801 -0.949256539344788 -0.949885785579681 -0.950514376163483 -0.951142370700836 -0.951769709587097 -0.952409863471985 -0.952908873558044 -0.953334748744965 -0.953763127326965 -0.954194009304047 -0.954627513885498 -0.95506364107132 -0.955502450466156 -0.955944001674652 -0.956388413906097 -0.956835627555847 -0.957285821437836 -0.957738995552063 -0.958195149898529 -0.958654463291168 -0.959114491939545 -0.959576904773712 -0.960042893886566 -0.960512518882751 -0.960985898971558 -0.961463034152985 -0.961944043636322 -0.962429046630859 -0.962918043136597 -0.963411211967468 -0.963908612728119 -0.964410245418549 -0.96476137638092 -0.965049147605896 -0.965337455272675 -0.965626299381256 -0.965915679931641 -0.966205596923828 -0.966496050357819 -0.966787099838257 -0.967078685760498
-0.945929944515228 -0.946748077869415 -0.947565019130707 -0.948380827903748 -0.94918429851532 -0.949988424777985 -0.950794458389282 -0.951602578163147 -0.952412664890289 -0.953224778175354 -0.954030632972717 -0.954841434955597 -0.955658197402954 -0.956480920314789 -0.957309603691101 -0.958144307136536 -0.958986639976501 -0.959840476512909 -0.960572302341461 -0.961244225502014 -0.961923062801361 -0.962608873844147 -0.963301837444305 -0.963997483253479 -0.964699745178223 -0.965411603450775 -0.966133236885071 -0.966864883899689 -0.967606663703918 -0.968358874320984 -0.96912157535553 -0.969890415668488 -0.970670402050018 -0.971464335918427 -0.972272455692291 -0.972923099994659 -0.97356104850769 -0.97420734167099 -0.974862158298492 -0.975525736808777 -0.976198196411133 -0.976878821849823 -0.977562069892883 -0.978255212306976 -0.978958427906036 -0.979671955108643 -0.980396091938019 -0.981131017208099 -0.981877028942108 -0.982600569725037 -0.983203709125519 -0.983809769153595
-0.940222263336182 -0.94128692150116 -0.942364275455475 -0.943454325199127 -0.944433331489563 -0.945331871509552 -0.946240067481995 -0.94715803861618 -0.948083519935608 -0.949001967906952 -0.949933350086212 -0.950877726078033 -0.951835095882416 -0.95279335975647 -0.953761339187622 -0.954749643802643 -0.955758512020111 -0.956787526607513 -0.957832098007202 -0.958859264850616 -0.959735333919525 -0.960627913475037 -0.96153724193573 -0.962453305721283 -0.963388621807098 -0.96434360742569 -0.965318739414215 -0.966314375400543 -0.967324137687683 -0.968355178833008 -0.969414591789246 -0.970502912998199 -0.971502065658569 -0.972443342208862 -0.973394751548767 -0.974364221096039 -0.975354433059692 -0.976365923881531 -0.977399170398712 -0.978454887866974 -0.979533493518829 -0.98062926530838 -0.981751084327698 -0.982825517654419 -0.983824074268341 -0.984838128089905 -0.985868096351624 -0.986914396286011 -0.98797744512558 -0.989057719707489 -0.990150034427643 -0.991259515285492
-0.923936367034912 -0.925017356872559 -0.926103413105011 -0.927183508872986 -0.928297281265259 -0.929444849491119 -0.930601060390472 -0.931799113750458 -0.933040022850037 -0.934152007102966 -0.935168206691742 -0.936212658882141 -0.937285482883453 -0.93834775686264 -0.939444065093994 -0.94057822227478 -0.941742658615112 -0.942928075790405 -0.944163620471954 -0.945449769496918 -0.946786522865295 -0.947986960411072 -0.949108064174652 -0.95026421546936 -0.951440393924713 -0.952645719051361 -0.953896462917328 -0.95519345998764 -0.956531882286072 -0.957919061183929 -0.959368646144867 -0.960759460926056 -0.96202427148819 -0.963319003582001 -0.964655339717865 -0.966034233570099 -0.967456817626953 -0.968921542167664 -0.970432698726654 -0.972005426883698 -0.973571538925171 -0.974987506866455 -0.976436138153076 -0.977908074855804 -0.979420840740204 -0.980975747108459 -0.982574045658112 -0.984216928482056 -0.985902905464172 -0.987453281879425 -0.98898983001709 -0.990557551383972
-0.895244181156158 -0.896295309066772 -0.897323668003082 -0.898385524749756 -0.89948558807373 -0.90056574344635 -0.901698052883148 -0.902880847454071 -0.904096662998199 -0.905374646186829 -0.906715035438538 -0.908128142356873 -0.909619569778442 -0.910859286785126 -0.912092685699463 -0.913378179073334 -0.914712965488434 -0.916067719459534 -0.917488396167755 -0.918975591659546 -0.920548319816589 -0.922205030918121 -0.92394608259201 -0.925381302833557 -0.926868617534637 -0.928415179252625 -0.930009722709656 -0.931659162044525 -0.933386266231537 -0.935193359851837 -0.937109887599945 -0.939000308513641 -0.940727293491364 -0.94250875711441 -0.944351553916931 -0.946267008781433 -0.94825679063797 -0.950326859951019 -0.952486515045166 -0.954550325870514 -0.956491768360138 -0.95848536491394 -0.960544407367706 -0.962674081325531 -0.964876413345337 -0.967150390148163 -0.969433724880219 -0.971528589725494 -0.973678350448608 -0.975884914398193 -0.97814267873764 -0.980469763278961
-0.851194143295288 -0.852318525314331 -0.853522598743439 -0.854809939861298 -0.856187462806702 -0.857690393924713 -0.858936369419098 -0.860100328922272 -0.861304044723511 -0.862588107585907 -0.863945245742798 -0.865394651889801 -0.866954565048218 -0.868641436100006 -0.870436728000641 -0.872368693351746 -0.873996913433075 -0.875613033771515 -0.877256989479065 -0.878995776176453 -0.880850791931152 -0.882839441299438 -0.884938776493073 -0.887183129787445 -0.88937246799469 -0.891317188739777 -0.893308997154236 -0.8953977227211 -0.897590100765228 -0.899932384490967 -0.902403831481934 -0.905006051063538 -0.907350540161133 -0.909675598144531 -0.912094473838806 -0.914594233036041 -0.917227387428284 -0.919997096061707 -0.922934472560883 -0.925562798976898 -0.928200006484985 -0.930910527706146 -0.933727324008942 -0.936666965484619 -0.939737558364868 -0.942748725414276 -0.945581138134003 -0.948506832122803 -0.951533019542694 -0.954679310321808 -0.957951426506042 -0.961217105388641
-0.79307758808136 -0.794081807136536 -0.795169293880463 -0.796309888362885 -0.797552406787872 -0.798918902873993 -0.80040568113327 -0.802042961120605 -0.803848385810852 -0.805796027183533 -0.807453095912933 -0.809062302112579 -0.810781002044678 -0.812610447406769 -0.814576029777527 -0.816704213619232 -0.81899493932724 -0.821524143218994 -0.824117302894592 -0.826294481754303 -0.828581213951111 -0.830983757972717 -0.833531200885773 -0.836229920387268 -0.83913654088974 -0.842230081558228 -0.844985544681549 -0.847595155239105 -0.850322186946869 -0.853209316730499 -0.856260478496552 -0.859501361846924 -0.862967312335968 -0.866017997264862 -0.869142472743988 -0.872412979602814 -0.875832974910736 -0.87951272726059 -0.883386492729187 -0.887019634246826 -0.890582144260406 -0.894278049468994 -0.898150444030762 -0.902222394943237 -0.906471729278564 -0.910317480564117 -0.914189636707306 -0.918188750743866 -0.922360062599182 -0.926715731620789 -0.931025147438049 -0.935085952281952
-0.716711461544037 -0.718113243579865 -0.719783246517181 -0.721629321575165 -0.723560094833374 -0.725038647651672 -0.726606130599976 -0.728298008441925 -0.730112314224243 -0.732085406780243 -0.734274446964264 -0.736679077148438 -0.739291071891785 -0.741862833499908 -0.744023680686951 -0.746337234973907 -0.748842239379883 -0.751577198505402 -0.754565179347992 -0.75785881280899 -0.761402249336243 -0.76452100276947 -0.767558693885803 -0.770814299583435 -0.774284541606903 -0.778051972389221 -0.7821084856987 -0.786435782909393 -0.78999263048172 -0.793691515922546 -0.797626256942749 -0.801799535751343 -0.806299149990082 -0.811083853244781 -0.815283358097076 -0.819498896598816 -0.823947310447693 -0.828727543354034 -0.83377343416214 -0.839024543762207 -0.843670248985291 -0.848527312278748 -0.853649497032166 -0.858998835086823 -0.864642143249512 -0.869799613952637 -0.874939262866974 -0.880306482315063 -0.885906577110291 -0.891734302043915 -0.897114336490631 -0.902448177337646
-0.623599886894226 -0.624636471271515 -0.625856995582581 -0.627260804176331 -0.628907322883606 -0.630872428417206 -0.63310182094574 -0.635568916797638 -0.638231456279755 -0.640098750591278 -0.64215475320816 -0.644409596920013 -0.646957457065582 -0.649906933307648 -0.653186559677124 -0.656840801239014 -0.66047877073288 -0.663537621498108 -0.666815876960754 -0.67037570476532 -0.674264848232269 -0.678549528121948 -0.683188796043396 -0.687640309333801 -0.691698312759399 -0.696065962314606 -0.700790405273438 -0.705989360809326 -0.711575388908386 -0.717232406139374 -0.72216671705246 -0.727502167224884 -0.733164131641388 -0.739371418952942 -0.745956480503082 -0.752138137817383 -0.757984161376953 -0.764166235923767 -0.77069878578186 -0.777582585811615 -0.784355700016022 -0.790469408035278 -0.796862542629242 -0.803540229797363 -0.810545206069946 -0.817433834075928 -0.82386702299118 -0.830564439296722 -0.837569296360016 -0.844898998737335 -0.851797461509705 -0.858602821826935
-0.510686039924622 -0.511801064014435 -0.513110458850861 -0.514610171318054 -0.515681266784668 -0.516685903072357 -0.51781177520752 -0.519297480583191 -0.521334826946259 -0.523772418498993 -0.526628017425537 -0.529907286167145 -0.533039391040802 -0.536091029644012 -0.539560556411743 -0.543450236320496 -0.547757208347321 -0.552353262901306 -0.557298898696899 -0.561628758907318 -0.565575540065765 -0.569775938987732 -0.574549794197083 -0.579966008663177 -0.586062669754028 -0.592392981052399 -0.597839415073395 -0.603832125663757 -0.61048036813736 -0.617826282978058 -0.625865936279297 -0.633449196815491 -0.64064484834671 -0.648370921611786 -0.656748533248901 -0.665660083293915 -0.674644947052002 -0.682502865791321 -0.690834283828735 -0.6996049284935 -0.708860039710999 -0.717831790447235 -0.725806355476379 -0.734102368354797 -0.742779314517975 -0.751811027526855 -0.760125637054443 -0.76827609539032 -0.776825904846191 -0.78575873374939 -0.794706881046295 -0.802992165088654
-0.375347703695297 -0.375164300203323 -0.375281780958176 -0.375795483589172 -0.376759916543961 -0.378114759922028 -0.379671216011047 -0.381514489650726 -0.38287028670311 -0.38392448425293 -0.385457336902618 -0.387586683034897 -0.390490382909775 -0.394362986087799 -0.39906057715416 -0.403893321752548 -0.40747657418251 -0.411503672599792 -0.415394186973572 -0.419819176197052 -0.424463421106339 -0.430085450410843 -0.434618890285492 -0.440254151821136 -0.446883946657181 -0.454800754785538 -0.46355989575386 -0.473075419664383 -0.48114886879921 -0.490173906087875 -0.500252962112427 -0.511188805103302 -0.522989392280579 -0.533282816410065 -0.543619453907013 -0.554676353931427 -0.566573560237885 -0.579207241535187 -0.590140163898468 -0.60124397277832 -0.613027513027191 -0.625510096549988 -0.637883305549622 -0.648327887058258 -0.659164905548096 -0.67050576210022 -0.682264626026154 -0.692721545696259 -0.703238010406494 -0.714415967464447 -0.726258873939514 -0.737385928630829
-0.206363141536713 -0.207557648420334 -0.208704471588135 -0.20998415350914 -0.210551097989082 -0.211224004626274 -0.212373360991478 -0.212951898574829 -0.213554903864861 -0.213252767920494 -0.213046938180923 -0.213112607598305 -0.211807310581207 -0.211688444018364 -0.212600737810135 -0.214659065008163 -0.217729225754738 -0.221210584044456 -0.224634453654289 -0.226765781641006 -0.230983376502991 -0.237366288900375 -0.24670284986496 -0.257669359445572 -0.26877349615097 -0.278635829687119 -0.289825320243835 -0.302529275417328 -0.316203892230988 -0.331288516521454 -0.343848288059235 -0.357504695653915 -0.372032165527344 -0.38707247376442 -0.402696669101715 -0.416072100400925 -0.430517703294754 -0.446076542139053 -0.462523967027664 -0.478976279497147 -0.49408957362175 -0.509730517864227 -0.525566935539246 -0.541443467140198 -0.554662823677063 -0.568252503871918 -0.582466244697571 -0.5975581407547 -0.611180543899536 -0.625365674495697 -0.641287565231323 -0.659504473209381
-0.00436528632417321 -0.00533729279413819 -0.00650519831106067 -0.00801894813776016 -0.00982765201479197 -0.0117915021255612 -0.013507217168808 -0.011472050100565 -0.00675943493843079 0.000645623367745429 0.00971799530088902 0.0184733383357525 0.0285417251288891 0.036900382488966 0.0429743826389313 0.0481328889727592 0.0512366630136967 0.0514902770519257 0.0480721332132816 0.0414458177983761 0.0289554297924042 0.0159022007137537 0.0017451059538871 -0.0153396259993315 -0.0336680375039577 -0.0534658804535866 -0.0745981261134148 -0.0918384194374084 -0.111304484307766 -0.131859928369522 -0.153441816568375 -0.175564542412758 -0.19367653131485 -0.211665064096451 -0.230473965406418 -0.250242531299591 -0.271179020404816 -0.290282279253006 -0.310217529535294 -0.330447018146515 -0.350755751132965 -0.367786735296249 -0.383975744247437 -0.40020889043808 -0.41643026471138 -0.43188539147377 -0.44693449139595 -0.46319842338562 -0.480883181095123 -0.498127371072769 -0.516498982906342 -0.53679233789444
0.239289209246635 0.237177640199661 0.235174745321274 0.233279377222061 0.230462282896042 0.22955422103405 0.23235884308815 0.242243513464928 0.255442172288895 0.274526029825211 0.298200398683548 0.323869585990906 0.35447108745575 0.38003396987915 0.399969786405563 0.40899583697319 0.411289930343628 0.408071309328079 0.400712460279465 0.389045268297195 0.371559590101242 0.347067326307297 0.318721204996109 0.286764681339264 0.258196890354156 0.228625133633614 0.197115361690521 0.164756387472153 0.132564127445221 0.102780543267727 0.0741610825061798 0.0458445586264133 0.0193640515208244 -0.00621180608868599 -0.0278507564216852 -0.0498260743916035 -0.0737583637237549 -0.0994367972016335 -0.123793721199036 -0.14474906027317 -0.164730563759804 -0.183631107211113 -0.201836258172989 -0.215494260191917 -0.229230314493179 -0.243798062205315 -0.25705286860466 -0.267926543951035 -0.279902577400208 -0.289728432893753 -0.299106478691101 -0.305529445409775
0.472766041755676 0.478762656450272 0.48465159535408 0.490089923143387 0.495235562324524 0.501357018947601 0.518926203250885 0.544642269611359 0.57570743560791 0.613251030445099 0.652467370033264 0.69373220205307 0.736932992935181 0.777345180511475 0.81356018781662 0.836943864822388 0.847740232944489 0.848723232746124 0.837361514568329 0.815245151519775 0.785650551319122 0.752221465110779 0.709691345691681 0.661482989788055 0.608913421630859 0.557521820068359 0.510363519191742 0.467209666967392 0.424877196550369 0.383383393287659 0.34447830915451 0.311678946018219 0.283451974391937 0.256625801324844 0.230355083942413 0.203832924365997 0.179940551519394 0.154571786522865 0.128638550639153 0.10521224886179 0.0862745717167854 0.0706191509962082 0.0563830099999905 0.0435781814157963 0.0334045477211475 0.0278156045824289 0.0240678414702415 0.0218597985804081 0.026190597563982 0.0354482792317867 0.0468695722520351 0.0647794976830482
0.687458455562592 0.704675376415253 0.723471641540527 0.737894892692566 0.752280414104462 0.776942670345306 0.810930848121643 0.849320948123932 0.891846895217896 0.935971796512604 0.979494869709015 1.02217960357666 1.07592916488647 1.13075423240662 1.18485605716705 1.23243343830109 1.27283775806427 1.30386793613434 1.31187975406647 1.29923403263092 1.27301490306854 1.22900474071503 1.16341626644135 1.08585917949677 1.01256215572357 0.939151287078857 0.871142208576202 0.810142815113068 0.759057462215424 0.715709209442139 0.676491379737854 0.6440070271492 0.616082608699799 0.591430008411407 0.570839643478394 0.549532890319824 0.52562016248703 0.499981611967087 0.480586796998978 0.461946606636047 0.443216562271118 0.428021281957626 0.418126136064529 0.41140142083168 0.407678723335266 0.405713796615601 0.409788191318512 0.42160353064537 0.43893426656723 0.461852461099625 0.494871944189072 0.541945278644562
0.939365983009338 0.966495096683502 0.992322444915771 1.01699912548065 1.04659819602966 1.09320676326752 1.14621233940125 1.20107185840607 1.25342762470245 1.30679714679718 1.36001801490784 1.42249381542206 1.48684942722321 1.54902374744415 1.60410404205322 1.65616619586945 1.70431554317474 1.74141263961792 1.75657248497009 1.77455019950867 1.79037320613861 1.78786504268646 1.72225189208984 1.61423254013062 1.47425997257233 1.34282624721527 1.23783183097839 1.15834760665894 1.10334181785583 1.06392443180084 1.03601849079132 1.01485896110535 1.00289618968964 0.995545327663422 0.991449415683746 0.986961722373962 0.975067317485809 0.959042966365814 0.941280543804169 0.924808442592621 0.911251068115234 0.899506211280823 0.890018165111542 0.883894741535187 0.88435310125351 0.888472020626068 0.894960641860962 0.905447244644165 0.923721849918365 0.948907196521759 0.982162952423096 1.02883672714233
-3.4e+38 -3.4e+38 1.30969882011414 1.37426161766052 1.43359172344208 1.49274039268494 1.5671306848526 1.63914895057678 1.710697889328 1.78244829177856 1.87103307247162 1.96805024147034 2.06876015663147 2.17119646072388 2.25895595550537 2.32491135597229 2.36301350593567 2.34102487564087 2.33705925941467 2.36134123802185 2.400954246521 2.3567054271698 1.98221623897552 -3.4e+38 1.83035778999329 1.66354060173035 1.53877699375153 1.45110011100769 1.40494883060455 1.37446939945221 1.36122608184814 1.36643874645233 1.39231419563293 1.43419361114502 1.4579952955246 1.46988070011139 1.47228157520294 1.46849727630615 1.45844328403473 1.44457101821899 1.43547081947327 1.42962467670441 1.42139458656311 1.41599023342133 1.41606044769287 1.42156028747559 1.43220126628876 1.4468652009964 1.45894658565521 1.46949791908264 1.48934781551361 1.50234484672546
1.39839613437653 1.51746988296509 1.62291896343231 1.72505569458008 1.82891297340393 1.9490373134613 2.05553674697876 2.1565580368042 2.26305484771729 2.39529871940613 2.53785634040833 2.68691611289978 2.83634042739868 2.95572924613953 3.05483078956604 3.13726496696472 3.15028738975525 3.08752393722534 -3.4e+38 -3.4e+38 -3.4e+38 -3.4e+38 -3.4e+38 -3.4e+38 -3.4e+38 -3.4e+38 -3.4e+38 -3.4e+38 -3.4e+38 -3.4e+38 -3.4e+38 1.71186256408691 1.71132910251617 1.34027755260468 1.22505211830139 1.70178186893463 1.91590666770935 1.91319513320923 1.90343570709229 1.90113568305969 1.90336608886719 1.90002024173737 1.89997792243958 1.90159809589386 1.90073502063751 1.90684378147125 1.92625546455383 1.9612820148468 1.98665332794189 2.00101518630981 -3.4e+38 -3.4e+38
1.64613878726959 1.72739768028259 1.82467150688171 1.96394491195679 2.14345383644104 2.34586358070374 2.53896284103394 2.70493459701538 2.86641716957092 3.03105306625366 3.20694804191589 3.39985418319702 3.56947946548462 3.67022895812988 3.70310187339783 3.64303803443909 -3.4e+38 -3.4e+38 -3.4e+38 -3.4e+38 -3.4e+38 -3.4e+38 -3.4e+38 -3.4e+38 -3.4e+38 -3.4e+38 -3.4e+38 -3.4e+38 -3.4e+38 -3.4e+38 -3.4e+38 -3.4e+38 -3.4e+38 -3.4e+38 -3.4e+38 -3.4e+38 -3.4e+38 -3.4e+38 -3.4e+38 -3.4e+38 -3.4e+38 -3.4e+38 2.2796266078949 2.27456855773926 -3.4e+38 -3.4e+38 -3.4e+38 -3.4e+38 -3.4e+38 -3.4e+38 -3.4e+38 -3.4e+38
-3.4e+38 -3.4e+38 1.93981957435608 2.08848118782043 2.25306081771851 2.44948387145996 2.67875695228577 2.92493844032288 3.17373323440552 3.41181349754333 3.59691905975342 3.76448702812195 3.9214084148407 4.01115703582764 -3.4e+38 -3.4e+38 -3.4e+38 -3.4e+38 -3.4e+38 -3.4e+38 -3.4e+38 -3.4e+38 -3.4e+38 -3.4e+38 -3.4e+38 -3.4e+38 -3.4e+38 -3.4e+38 -3.4e+38 -3.4e+38 -3.4e+38 -3.4e+38 -3.4e+38 -3.4e+38 -3.4e+38 -3.4e+38 -3.4e+38 -3.4e+38 -3.4e+38 -3.4e+38 -3.4e+38 -3.4e+38 -3.4e+38 -3.4e+38 -3.4e+38 -3.4e+38 -3.4e+38 -3.4e+38 -3.4e+38 -3.4e+38 -3.4e+38 -3.4e+38
-3.4e+38 -3.4e+38 -3.4e+38 -3.4e+38 -3.4e+38 -3.4e+38 -3.4e+38 2.79059886932373 3.02124190330505 3.25523710250854 3.48874640464783 3.81344509124756 4.09368991851807 4.23954486846924 -3.4e+38 -3.4e+38 -3.4e+38 -3.4e+38 -3.4e+38 -3.4e+38 -3.4e+38 -3.4e+38 -3.4e+38 -3.4e+38 -3.4e+38 -3.4e+38 -3.4e+38 -3.4e+38 -3.4e+38 -3.4e+38 -3.4e+38 -3.4e+38 -3.4e+38 -3.4e+38 -3.4e+38 -3.4e+38 -3.4e+38 -3.4e+38 -3.4e+38 -3.4e+38 -3.4e+38 -3.4e+38 -3.4e+38 -3.4e+38 -3.4e+38 -3.4e+38 -3.4e+38 -3.4e+38 -3.4e+38 -3.4e+38 -3.4e+38 -3.4e+38
