AnalysisFolder/EnvironmentalData/Future/rcp8_5/2100/tavg.asc
NCOLS 360 
NROWS 90 
XLLCORNER -180 
YLLCORNER 0 
CELLSIZE 1 
NODATA_value -3.4e+38 
[rows 46 to 68 of 90, columns 104 to 155 of 360]
-3.4e+38 -3.4e+38 -3.4e+38 -3.4e+38 -3.4e+38 -3.4e+38 -3.4e+38 19.2704486846924 19.509672164917 -3.4e+38 -3.4e+38 20.0425548553467 19.8497085571289 19.7104930877686 19.51589012146 19.3331317901611 19.2667942047119 19.242748260498 19.1421642303467 18.9329891204834 18.6363544464111 18.2674827575684 17.8278732299805 17.373363494873 17.2314128875732 17.4506683349609 17.9833221435547 18.5185852050781 18.7322769165039 18.6047382354736 18.326244354248 18.0675296783447 17.8809833526611 17.7467861175537 17.6425132751465 17.5592193603516 17.4938297271729 17.4541759490967 17.4396991729736 17.4434547424316 17.4702930450439 17.5346927642822 17.6585350036621 17.852222442627 18.0848140716553 18.282054901123 18.3792858123779 18.3864135742188 18.3769474029541 18.3929195404053 18.4782047271729 18.6179237365723
-3.4e+38 -3.4e+38 -3.4e+38 -3.4e+38 -3.4e+38 -3.4e+38 19.5943775177002 19.8791999816895 20.3003330230713 20.7415351867676 21.0668239593506 21.2878818511963 21.3600673675537 21.2415256500244 21.0658779144287 20.8965740203857 20.7370510101318 20.5759429931641 20.4106788635254 20.2494812011719 20.0963001251221 19.9412002563477 19.7744636535645 19.6048545837402 19.4517765045166 19.430061340332 19.5967826843262 19.7814064025879 19.8163070678711 19.6805267333984 19.4817314147949 19.3200149536133 19.2088165283203 19.1156158447266 19.0231761932373 18.929723739624 18.8370704650879 18.7646179199219 18.7154884338379 18.6804332733154 18.6673851013184 18.7024078369141 18.816858291626 19.0089435577393 19.2188472747803 19.3592147827148 19.3888969421387 19.3364772796631 19.2673740386963 19.2602081298828 19.340461730957 19.4436874389648
-3.4e+38 -3.4e+38 -3.4e+38 -3.4e+38 -3.4e+38 -3.4e+38 20.6169967651367 21.1466884613037 21.6509857177734 22.0727081298828 22.3638191223145 22.5193786621094 22.4508609771729 22.241813659668 22.0005531311035 21.7854614257812 21.6048221588135 21.4533424377441 21.3250617980957 21.2195720672607 21.131160736084 21.0513324737549 20.974681854248 20.9001369476318 20.8274555206299 20.7758407592773 20.7457313537598 20.708345413208 20.6335334777832 20.5251445770264 20.4175510406494 20.3332366943359 20.265022277832 20.1969299316406 20.1231956481934 20.04638671875 19.9719333648682 19.9086627960205 19.8590793609619 19.8241577148438 19.81960105896 19.8688850402832 19.9815845489502 20.1288719177246 20.2464141845703 20.2786426544189 20.2306594848633 20.1396961212158 20.0418949127197 20.0092887878418 20.0438671112061 20.0811710357666
-3.4e+38 -3.4e+38 -3.4e+38 -3.4e+38 22.2356357574463 22.4939117431641 22.6936187744141 22.9476318359375 23.1961231231689 23.3515243530273 23.3810176849365 23.2825756072998 23.0732917785645 22.8107089996338 22.5673408508301 22.376127243042 22.22607421875 22.1061229705811 22.0080108642578 21.9251136779785 21.8518028259277 21.7841930389404 21.719934463501 21.6566543579102 21.5942134857178 21.5309906005859 21.4719696044922 21.4137840270996 21.3532428741455 21.2921600341797 21.2342662811279 21.1817531585693 21.1326904296875 21.0824222564697 21.0291919708252 20.977783203125 20.9301929473877 20.889575958252 20.8580513000488 20.8416233062744 20.8618469238281 20.9277648925781 21.0200138092041 21.0920753479004 21.0964946746826 21.0244293212891 20.9153423309326 20.8006134033203 20.6968727111816 20.6308422088623 20.6026916503906 20.5748348236084
-3.4e+38 -3.4e+38 22.9954776763916 23.9304580688477 24.4741516113281 24.6091594696045 24.566873550415 24.4609413146973 24.3169002532959 24.132396697998 23.9078159332275 23.6533641815186 23.3916282653809 23.1525382995605 22.9643039703369 22.8234920501709 22.7110176086426 22.6158199310303 22.5328350067139 22.4598121643066 22.3933219909668 22.3315925598145 22.275842666626 22.2253341674805 22.176887512207 22.1309146881104 22.0883827209473 22.0519046783447 22.0174503326416 21.9834423065186 21.9490356445312 21.9139938354492 21.8783721923828 21.8425903320312 21.8088188171387 21.780647277832 21.7508754730225 21.7238788604736 21.7054672241211 21.7041511535645 21.7268009185791 21.7664203643799 21.7996807098389 21.7945613861084 21.7295684814453 21.6142692565918 21.4830837249756 21.3555583953857 21.2397518157959 21.1402854919434 21.0556297302246 20.9739398956299
-3.4e+38 23.6631755828857 24.7986087799072 25.4280967712402 25.5981273651123 25.4577331542969 25.193998336792 24.8900547027588 24.5834789276123 24.2912654876709 24.0224494934082 23.7844867706299 23.5843276977539 23.4240398406982 23.298978805542 23.1989803314209 23.1160697937012 23.045337677002 22.9792766571045 22.9199924468994 22.8680419921875 22.8222980499268 22.782865524292 22.7497310638428 22.7222957611084 22.698091506958 22.6757164001465 22.6569004058838 22.6391868591309 22.6211280822754 22.6016025543213 22.5797386169434 22.556173324585 22.5322818756104 22.5086345672607 22.4895057678223 22.4667491912842 22.4467964172363 22.4320297241211 22.42453956604 22.4207954406738 22.4112033843994 22.3809642791748 22.3162784576416 22.2144165039062 22.0886840820312 21.9556064605713 21.8168468475342 21.6877861022949 21.5659332275391 21.4435272216797 21.3189239501953
-3.4e+38 25.4504165649414 26.0149097442627 26.188892364502 25.9796085357666 25.5962352752686 25.2008991241455 24.8476123809814 24.5513687133789 24.30784034729 24.1092395782471 23.9498844146729 23.8239669799805 23.7213516235352 23.6332588195801 23.5586986541748 23.4986171722412 23.4492149353027 23.4052181243896 23.3669204711914 23.33522605896 23.309700012207 23.2894859313965 23.2744064331055 23.2644939422607 23.2543487548828 23.2484664916992 23.2422389984131 23.2350254058838 23.2258796691895 23.2138996124268 23.1986408233643 23.181001663208 23.1619300842285 23.1405906677246 23.1185493469238 23.0956363677979 23.0697917938232 23.0430774688721 23.0112018585205 22.9685401916504 22.9089889526367 22.828145980835 22.7257423400879 22.6063747406006 22.4767036437988 22.3377666473389 22.1936798095703 22.0540637969971 21.9180850982666 21.771183013916 21.6185264587402
-3.4e+38 26.361608505249 26.5969772338867 26.3710651397705 25.9257888793945 25.4742317199707 25.1100654602051 24.8322296142578 24.6185264587402 24.4507617950439 24.3181266784668 24.2131271362305 24.1277847290039 24.0563449859619 23.9963645935059 23.9468727111816 23.9096336364746 23.8796653747559 23.854471206665 23.8347721099854 23.8219585418701 23.8141803741455 23.8086204528809 23.8051357269287 23.8048477172852 23.8070068359375 23.8071060180664 23.8068962097168 23.8016223907471 23.7932624816895 23.7818069458008 23.766695022583 23.7487812042236 23.7284088134766 23.7028217315674 23.6709651947021 23.634349822998 23.591739654541 23.5418796539307 23.4794540405273 23.4016666412354 23.3076190948486 23.1986713409424 23.0778789520264 22.948356628418 22.8123531341553 22.6697902679443 22.5220756530762 22.3739700317383 22.2214279174805 22.0625839233398 21.9029922485352
-3.4e+38 26.7797546386719 26.8477840423584 26.4705085754395 25.9400043487549 25.5088787078857 25.226490020752 25.0217456817627 24.8618259429932 24.7350654602051 24.6347026824951 24.5554447174072 24.4930305480957 24.4444274902344 24.4074687957764 24.380786895752 24.3618793487549 24.3483734130859 24.3383827209473 24.3330821990967 24.3325271606445 24.3350372314453 24.3383121490479 24.34104347229 24.343563079834 24.3469219207764 24.3466968536377 24.3440532684326 24.3361949920654 24.3235034942627 24.3065166473389 24.2857837677002 24.2608032226562 24.2298412322998 24.1913928985596 24.1454410552979 24.0927963256836 24.0286331176758 23.9540710449219 23.8677349090576 23.7688026428223 23.6580085754395 23.5370216369629 23.4076957702637 23.2719497680664 23.1313419342041 22.9831390380859 22.8301105499268 22.6728935241699 22.5098114013672 22.3433570861816 22.1743278503418
26.7017402648926 27.1033401489258 27.0785541534424 26.6649036407471 26.1209506988525 25.7371768951416 25.5067558288574 25.3346920013428 25.1988410949707 25.0947589874268 25.0159454345703 24.957447052002 24.9154090881348 24.8865222930908 24.8682098388672 24.856409072876 24.8505592346191 24.8476123809814 24.8465251922607 24.8476810455322 24.8518657684326 24.8579940795898 24.8632373809814 24.8655281066895 24.8648509979248 24.8619022369385 24.8555393218994 24.8444786071777 24.829568862915 24.809440612793 24.7836799621582 24.752685546875 24.7155380249023 24.6701755523682 24.6156921386719 24.5523700714111 24.4806594848633 24.3985080718994 24.3062744140625 24.204761505127 24.0933952331543 23.9733619689941 23.8456516265869 23.7105102539062 23.5685997009277 23.4182891845703 23.2598037719727 23.0982074737549 22.9318351745605 22.7578430175781 22.5756855010986 22.3854064941406
27.5396633148193 27.4927673339844 27.1753311157227 26.7245407104492 26.2868728637695 26.0105018615723 25.8313484191895 25.6898498535156 25.5830478668213 25.5053043365479 25.447790145874 25.40651512146 25.3790512084961 25.3626365661621 25.3544063568115 25.3497352600098 25.3476696014404 25.3482494354248 25.3502082824707 25.3517417907715 25.3530540466309 25.354398727417 25.3538703918457 25.3493785858154 25.3417110443115 25.3319721221924 25.3175945281982 25.2948379516602 25.2687129974365 25.2373657226562 25.199800491333 25.1562633514404 25.1056690216064 25.0459594726562 24.9763622283936 24.8959999084473 24.8065395355225 24.7091789245605 24.6040668487549 24.4920425415039 24.3722019195557 24.2435512542725 24.1054191589355 23.9585247039795 23.8052845001221 23.6451148986816 23.4772033691406 23.3046016693115 23.124927520752 22.9363231658936 22.7381210327148 22.5331516265869
27.774019241333 27.4701824188232 27.079195022583 26.7216453552246 26.4579410552979 26.305534362793 26.178955078125 26.07444190979 26.0000991821289 25.9457225799561 25.9048919677734 25.8754043579102 25.855525970459 25.8429584503174 25.8355121612549 25.8307723999023 25.8258628845215 25.824146270752 25.8227291107178 25.8193283081055 25.8128871917725 25.8040180206299 25.7924633026123 25.7776203155518 25.7599487304688 25.7387199401855 25.7121410369873 25.6798038482666 25.6422061920166 25.5982971191406 25.5459175109863 25.4862041473389 25.4197540283203 25.3453540802002 25.2619724273682 25.1670017242432 25.0664405822754 24.9589366912842 24.8432292938232 24.7206592559814 24.5893173217773 24.4490909576416 24.3002796173096 24.1433219909668 23.9806098937988 23.8116054534912 23.633996963501 23.4516696929932 23.2615642547607 23.0633659362793 22.8583545684814 22.6505470275879
27.8116664886475 27.4403285980225 27.1037445068359 26.8728332519531 26.7366256713867 26.6384353637695 26.5469188690186 26.4729251861572 26.4217529296875 26.3810272216797 26.3487873077393 26.3240146636963 26.3054962158203 26.2916984558105 26.2809753417969 26.2714614868164 26.2615718841553 26.2534675598145 26.2420749664307 26.2290630340576 26.2123355865479 26.1921443939209 26.1684532165527 26.140983581543 26.1101818084717 26.0750465393066 26.0350761413574 25.9907207489014 25.9412708282471 25.8841934204102 25.8178939819336 25.7430801391602 25.6610679626465 25.571949005127 25.4745330810547 25.3682384490967 25.2578048706055 25.1402263641357 25.0147800445557 24.8819313049316 24.7402076721191 24.5904140472412 24.4336910247803 24.2701644897461 24.1005821228027 23.9244327545166 23.7409820556641 23.5526542663574 23.3574275970459 23.1561603546143 22.9516830444336 22.747917175293
27.7665405273438 27.4634609222412 27.2578182220459 27.1376647949219 27.0534152984619 26.9754257202148 26.9087982177734 26.8574028015137 26.8168048858643 26.7828540802002 26.753791809082 26.7291202545166 26.7086868286133 26.6913223266602 26.6753997802734 26.6597080230713 26.6413650512695 26.6244258880615 26.6003818511963 26.5743350982666 26.5456619262695 26.5133895874023 26.4771575927734 26.4370231628418 26.3926734924316 26.3427677154541 26.2878913879395 26.2297229766846 26.1657447814941 26.095724105835 26.0169162750244 25.9290390014648 25.8330821990967 25.7298889160156 25.6205463409424 25.5068893432617 25.3870697021484 25.2581100463867 25.1234931945801 24.9824085235596 24.8337078094482 24.677661895752 24.5152320861816 24.3469486236572 24.1728096008301 23.9926929473877 23.8078346252441 23.6179943084717 23.4226398468018 23.2238368988037 23.024787902832 22.8283538818359
27.8291473388672 27.6219615936279 27.5048980712891 27.4289817810059 27.3581714630127 27.2942581176758 27.2455940246582 27.2057285308838 27.1700267791748 27.1383113861084 27.1102981567383 27.0839691162109 27.058967590332 27.034704208374 27.0111656188965 26.9886436462402 26.9588451385498 26.9274215698242 26.8922786712646 26.8544902801514 26.8126430511475 26.767147064209 26.7177963256836 26.6640491485596 26.6057510375977 26.5422515869141 26.4743766784668 26.401309967041 26.3231449127197 26.2392024993896 26.1484546661377 26.0503025054932 25.9442005157471 25.8305130004883 25.7114601135254 25.5892314910889 25.4608020782471 25.3238925933838 25.1826095581055 25.0348434448242 24.8806762695312 24.7210865020752 24.5563640594482 24.3859577178955 24.2097187042236 24.0293941497803 23.8445987701416 23.6567211151123 23.4642448425293 23.2699317932129 23.0777378082275 22.8896617889404
28.0473709106445 27.8769512176514 27.7778644561768 27.7049446105957 27.6399078369141 27.5872611999512 27.5473918914795 27.5135879516602 27.4797630310059 27.4486351013184 27.4192371368408 27.3885555267334 27.3564300537109 27.3236694335938 27.2904968261719 27.2555141448975 27.2142372131348 27.1711006164551 27.1240940093994 27.0731716156006 27.0186977386475 26.9601039886475 26.8974170684814 26.8305702209473 26.7590866088867 26.6831150054932 26.6024284362793 26.5167179107666 26.4259643554688 26.3298320770264 26.2281436920166 26.1203155517578 26.0056324005127 25.8843574523926 25.758129119873 25.6280479431152 25.4929542541504 25.3515911102295 25.2055721282959 25.053991317749 24.8969821929932 24.7357063293457 24.5705757141113 24.4005470275879 24.2249374389648 24.0462017059326 23.8629722595215 23.6767768859863 23.4897384643555 23.3025569915771 23.1174144744873 22.9360313415527
28.2853965759277 28.1423492431641 28.0381412506104 27.9562950134277 27.8945064544678 27.849817276001 27.8136463165283 27.7818946838379 27.74778175354 27.7139511108398 27.6790142059326 27.6417369842529 27.602424621582 27.5612201690674 27.5183506011963 27.4725704193115 27.4175090789795 27.3608818054199 27.3021774291992 27.2385959625244 27.1718997955322 27.1010227203369 27.0260581970215 26.9475364685059 26.8648262023926 26.7769145965576 26.6851787567139 26.5897789001465 26.4882965087891 26.3825035095215 26.2718620300293 26.1557178497314 26.0342407226562 25.9076862335205 25.7761116027832 25.6413764953613 25.502161026001 25.3580150604248 25.2097225189209 25.0568180084229 24.8988838195801 24.7370433807373 24.5723762512207 24.4041576385498 24.2307586669922 24.0539169311523 23.8737163543701 23.6908645629883 23.5087146759033 23.3267250061035 23.1469306945801 22.9709873199463
28.5152015686035 28.4046688079834 28.2814674377441 28.1816730499268 28.1193866729736 28.0776882171631 28.0422534942627 28.0081520080566 27.97216796875 27.9330921173096 27.8903312683105 27.8452816009521 27.7982940673828 27.7483501434326 27.6943073272705 27.635425567627 27.5706539154053 27.5032691955566 27.4331588745117 27.3579578399658 27.2797241210938 27.1977119445801 27.1123924255371 27.0239009857178 26.9312400817871 26.8344345092773 26.7353439331055 26.6342849731445 26.5237941741943 26.4097862243652 26.2917098999023 26.1689624786377 26.0423698425293 25.9125003814697 25.7785530090332 25.6410140991211 25.5006618499756 25.3551902770996 25.2062244415283 25.0526275634766 24.8942584991455 24.7325973510742 24.5692691802979 24.4037475585938 24.2329807281494 24.0582466125488 23.8815097808838 23.7029094696045 23.5246696472168 23.3463916778564 23.1706771850586 22.9990558624268
28.6817646026611 28.5966186523438 28.4795341491699 28.3802852630615 28.3179035186768 28.2733898162842 28.2340812683105 28.1938705444336 28.1518402099609 28.1056900024414 28.0562725067139 28.0045280456543 27.9493961334229 27.8898906707764 27.8260879516602 27.7580451965332 27.6844787597656 27.6072101593018 27.5265884399414 27.4413414001465 27.353307723999 27.2621917724609 27.1682624816895 27.0716571807861 26.9719676971436 26.8693084716797 26.7648792266846 26.6555366516113 26.5405864715576 26.4220752716064 26.2994766235352 26.1732349395752 26.0437793731689 25.9111003875732 25.7751655578613 25.6360683441162 25.4957237243652 25.348970413208 25.1985034942627 25.0444755554199 24.8867092132568 24.7255020141602 24.5621757507324 24.3976135253906 24.2297267913818 24.0575408935547 23.8846168518066 23.7106742858887 23.5363311767578 23.3630428314209 23.1934490203857 23.0282192230225
28.769214630127 28.7067184448242 28.6293449401855 28.5549659729004 28.4927215576172 28.4389019012451 28.388879776001 28.3406295776367 28.2928028106689 28.24072265625 28.1854057312012 28.1278839111328 28.0666007995605 27.9998245239258 27.9271011352539 27.8495616912842 27.7687358856201 27.6837768554688 27.5936145782471 27.5001087188721 27.4046115875244 27.3063430786133 27.2057628631592 27.1033153533936 26.9987506866455 26.8920459747314 26.783296585083 26.6680335998535 26.5505294799805 26.4294376373291 26.3046951293945 26.1766147613525 26.0449695587158 25.9096641540527 25.7713146209717 25.6300449371338 25.488712310791 25.3410110473633 25.189790725708 25.0355548858643 24.8782749176025 24.7176990509033 24.5543746948242 24.3894119262695 24.222261428833 24.0496959686279 23.8811492919922 23.7140369415283 23.5475769042969 23.3840618133545 23.2254390716553 23.0716743469238
28.8593578338623 28.8085079193115 28.7602310180664 28.702241897583 28.637357711792 28.5741233825684 28.5140991210938 28.4578437805176 28.4043579101562 28.3497104644775 28.2906551361084 28.2287616729736 28.1618328094482 28.0885963439941 28.0091724395752 27.9246368408203 27.8368129730225 27.7456035614014 27.6492156982422 27.5495452880859 27.4475593566895 27.3432197570801 27.2373218536377 27.1298313140869 27.0206813812256 26.9111175537109 26.7991409301758 26.6820030212402 26.561580657959 26.4387264251709 26.3115005493164 26.1806602478027 26.0470027923584 25.9099731445312 25.7693290710449 25.6276664733887 25.482702255249 25.3328247070312 25.1807079315186 25.0257053375244 24.867603302002 24.7068424224854 24.5436725616455 24.3784713745117 24.2131595611572 24.0462684631348 23.8832187652588 23.7238388061523 23.5711517333984 23.4231357574463 23.2803211212158 23.1442604064941
28.964672088623 28.9322490692139 28.9004898071289 28.8389739990234 28.7595500946045 28.6822853088379 28.6114864349365 28.5503063201904 28.4935665130615 28.4374408721924 28.3763198852539 28.3104705810547 28.2377796173096 28.1590232849121 28.0753231048584 27.9866619110107 27.8938293457031 27.7989292144775 27.6990966796875 27.5957565307617 27.4896507263184 27.381908416748 27.2727680206299 27.1622161865234 27.0504360198975 26.9373016357422 26.8214282989502 26.7023181915283 26.5800094604492 26.4544715881348 26.3251552581787 26.1921539306641 26.0557842254639 25.9165916442871 25.7752952575684 25.631763458252 25.4840469360352 25.3320064544678 25.1784248352051 25.023624420166 24.8660373687744 24.7055854797363 24.5435695648193 24.3817844390869 24.2226390838623 24.0630683898926 23.9084758758545 23.7626686096191 23.6251583099365 23.4961891174316 23.3764629364014 23.2668151855469
29.1482620239258 29.1508960723877 29.1460018157959 29.0638084411621 28.9286918640137 28.7943363189697 28.6886157989502 28.6245822906494 28.5707492828369 28.5142574310303 28.4497756958008 28.3772716522217 28.2972240447998 28.2126388549805 28.1253528594971 28.0346641540527 27.9399967193604 27.8433494567871 27.7422485351562 27.639533996582 27.5334053039551 27.4247417449951 27.3146438598633 27.2031650543213 27.0901069641113 26.9756107330322 26.8577480316162 26.7364482879639 26.6113700866699 26.4843845367432 26.3542594909668 26.2207450866699 26.0843830108643 25.945484161377 25.8036251068115 25.658317565918 25.5102024078369 25.3588275909424 25.2064228057861 25.0524635314941 24.8963375091553 24.7394733428955 24.583589553833 24.429313659668 24.2779731750488 24.1303119659424 23.9890174865723 23.8581314086914 23.737548828125 23.630729675293 23.5394973754883 23.463264465332
