AnalysisFolder/EnvironmentalData/Future/rcp8_5/2100/tavg.asc
NCOLS 360 
NROWS 90 
XLLCORNER -180 
YLLCORNER 0 
CELLSIZE 1 
NODATA_value -3.4e+38 
[rows 46 to 68 of 90, columns 0 to 51 of 360]
13.5889463424683 13.6307792663574 13.6764068603516 13.7290897369385 13.7845983505249 13.8383541107178 13.89208984375 13.9482879638672 14.0097846984863 14.0696687698364 14.1292905807495 14.1915597915649 14.256175994873 14.3184604644775 14.3783378601074 14.4480724334717 14.5214109420776 14.5905628204346 14.6598472595215 14.7330646514893 14.8085479736328 14.8837280273438 14.9536571502686 15.0234231948853 15.0952939987183 15.1760377883911 15.2613821029663 15.3463954925537 15.4332427978516 15.5248956680298 15.6164684295654 15.7134351730347 15.8116436004639 15.9095125198364 16.0060348510742 16.1028861999512 16.2014217376709 16.3046875 16.4025802612305 16.4942741394043 16.5878887176514 16.6735458374023 16.7485008239746 16.8127880096436 16.8648700714111 16.9015216827393 16.9220752716064 16.9204425811768 16.8846015930176 16.8005924224854 16.6689643859863 16.5088329315186
14.4470262527466 14.4671840667725 14.4919242858887 14.5211305618286 14.5548105239868 14.5931959152222 14.6332950592041 14.6727743148804 14.7188940048218 14.7649126052856 14.8123931884766 14.8639917373657 14.9181985855103 14.9702157974243 15.0197649002075 15.0825853347778 15.1461887359619 15.2056837081909 15.2676086425781 15.3335514068604 15.4006328582764 15.4669303894043 15.5340671539307 15.6044836044312 15.6721296310425 15.7458639144897 15.8253831863403 15.9058294296265 15.9861440658569 16.0717926025391 16.1664218902588 16.2613315582275 16.3515148162842 16.4445629119873 16.5390186309814 16.632303237915 16.7256603240967 16.819730758667 16.9086933135986 16.9895839691162 17.0625190734863 17.1302280426025 17.1909866333008 17.2431545257568 17.2827129364014 17.3024597167969 17.298059463501 17.2748394012451 17.2073554992676 17.0942344665527 16.9282207489014 16.7234401702881
15.319224357605 15.3216609954834 15.331654548645 15.3450937271118 15.3595190048218 15.3755435943604 15.3949689865112 15.4167985916138 15.4478149414062 15.4849014282227 15.5233812332153 15.564751625061 15.6060762405396 15.6443119049072 15.6850633621216 15.7390613555908 15.7954902648926 15.8445234298706 15.8957023620605 15.9536418914795 16.0148773193359 16.0748920440674 16.1364326477051 16.2019863128662 16.2639255523682 16.3296566009521 16.4040298461914 16.4843673706055 16.5627746582031 16.6406002044678 16.7281894683838 16.8155269622803 16.9019317626953 16.991849899292 17.0814113616943 17.1687412261963 17.2556133270264 17.3409729003906 17.4202995300293 17.4911499023438 17.5528049468994 17.6024532318115 17.6414318084717 17.6755847930908 17.6979846954346 17.6984348297119 17.6701602935791 17.6115055084229 17.512414932251 17.3710269927979 17.1727752685547 16.9369277954102
16.2031841278076 16.1847534179688 16.1772308349609 16.1741523742676 16.1715030670166 16.1708240509033 16.1750736236572 16.1822948455811 16.1962642669678 16.2204551696777 16.2484703063965 16.2776679992676 16.3090019226074 16.3425159454346 16.378662109375 16.4201068878174 16.4648818969727 16.5055713653564 16.5461845397949 16.5937252044678 16.6439971923828 16.6937198638916 16.7464122772217 16.8067512512207 16.8729076385498 16.9333477020264 17.0012149810791 17.0752754211426 17.148624420166 17.2218399047852 17.3001174926758 17.3812580108643 17.4583568572998 17.5402774810791 17.6229476928711 17.6999454498291 17.777006149292 17.8528327941895 17.9216365814209 17.9804973602295 18.0296974182129 18.0664520263672 18.0897254943848 18.1056518554688 18.1043224334717 18.0800132751465 18.0243988037109 17.9296340942383 17.7958469390869 17.6205730438232 17.390115737915 17.1294898986816
17.0611248016357 17.0271625518799 17.0007781982422 16.9811553955078 16.9670486450195 16.9578037261963 16.9517650604248 16.9463138580322 16.9485721588135 16.963939666748 16.9923992156982 17.0138473510742 17.0310516357422 17.0509166717529 17.0757732391357 17.1077499389648 17.1414527893066 17.1704082489014 17.2000350952148 17.2391242980957 17.2832126617432 17.3270244598389 17.3724002838135 17.4254322052002 17.4829082489014 17.5426235198975 17.6042594909668 17.6681213378906 17.733154296875 17.8002471923828 17.8698787689209 17.9417877197266 18.017578125 18.0973892211914 18.1655826568604 18.2319450378418 18.299144744873 18.3641204833984 18.4201774597168 18.4644584655762 18.4990501403809 18.5219211578369 18.5329971313477 18.5289649963379 18.5041618347168 18.4508018493652 18.361608505249 18.231538772583 18.0585880279541 17.8413066864014 17.5784912109375 17.284496307373
17.8719348907471 17.8302249908447 17.7952499389648 17.7681522369385 17.7473297119141 17.7317924499512 17.7189559936523 17.7043342590332 17.6915721893311 17.6960735321045 17.7108039855957 17.7226905822754 17.7319946289062 17.7423076629639 17.7561111450195 17.7747764587402 17.7987251281738 17.8204689025879 17.8457317352295 17.8766784667969 17.9133281707764 17.9524326324463 17.9934825897217 18.0389995574951 18.0881004333496 18.1383037567139 18.1943988800049 18.2535839080811 18.3145561218262 18.3761177062988 18.4398994445801 18.505838394165 18.5722122192383 18.6416149139404 18.702938079834 18.7638988494873 18.8186874389648 18.8693714141846 18.9125785827637 18.9432563781738 18.9608135223389 18.9692554473877 18.9691257476807 18.9413242340088 18.8950328826904 18.8189392089844 18.7034168243408 18.5429000854492 18.3368244171143 18.0884628295898 17.8035316467285 17.4997596740723
18.6378498077393 18.5909595489502 18.5541954040527 18.5235404968262 18.4954032897949 18.4706382751465 18.4497203826904 18.4308624267578 18.4140129089355 18.4071769714355 18.4075012207031 18.4089241027832 18.4104881286621 18.4148483276367 18.4226741790771 18.4332408905029 18.4463291168213 18.4543075561523 18.4787082672119 18.5042514801025 18.5312213897705 18.562047958374 18.5979690551758 18.6379489898682 18.6816520690918 18.7340030670166 18.7828483581543 18.8364868164062 18.8908615112305 18.9469013214111 19.0065231323242 19.0671997070312 19.1259117126465 19.1836585998535 19.2365341186523 19.2853603363037 19.3315944671631 19.37034034729 19.3999996185303 19.4160404205322 19.4182949066162 19.4122905731201 19.3955707550049 19.3579444885254 19.294548034668 19.2032032012939 19.0734157562256 18.8999843597412 18.6833801269531 18.4292163848877 18.1492118835449 17.8640213012695
19.3613376617432 19.3131065368652 19.2745189666748 19.2347354888916 19.2041091918945 19.1810131072998 19.1610088348389 19.140754699707 19.1197128295898 19.1061248779297 19.0969409942627 19.0853805541992 19.0785140991211 19.0744228363037 19.0730819702148 19.0769577026367 19.0852241516113 19.0898609161377 19.1050872802734 19.1226844787598 19.1443271636963 19.1716117858887 19.2033405303955 19.2385215759277 19.278076171875 19.3236904144287 19.3701019287109 19.4211483001709 19.4705696105957 19.5195903778076 19.5682907104492 19.6178493499756 19.6684379577637 19.7184295654297 19.7652626037598 19.8071784973145 19.8443183898926 19.8720970153809 19.8893203735352 19.8954410552979 19.8865718841553 19.8628063201904 19.8290328979492 19.7842330932617 19.7130737304688 19.6133766174316 19.4786605834961 19.3042011260986 19.0931186676025 18.8516235351562 18.5880699157715 18.3170948028564
20.0576648712158 20.0113143920898 19.9722385406494 19.93674659729 19.9097671508789 19.8880233764648 19.8659896850586 19.8400726318359 19.8105640411377 19.7845706939697 19.7657928466797 19.7494602203369 19.735330581665 19.7243633270264 19.7174167633057 19.7163333892822 19.7205181121826 19.7248439788818 19.7324123382568 19.743989944458 19.7619895935059 19.7857780456543 19.8124523162842 19.8417835235596 19.8744926452637 19.9115505218506 19.9533672332764 19.9974575042725 20.0402889251709 20.0798835754395 20.1206836700439 20.1641578674316 20.2092723846436 20.2533359527588 20.2939491271973 20.3308200836182 20.3601551055908 20.3779182434082 20.3829593658447 20.3740348815918 20.3527336120605 20.3204135894775 20.2770748138428 20.2209091186523 20.1441173553467 20.0362548828125 19.9004344940186 19.731029510498 19.5291919708252 19.2994117736816 19.0491409301758 18.7893543243408
20.7369689941406 20.6889991760254 20.6517715454102 20.6230545043945 20.5991878509521 20.5755443572998 20.5469036102295 20.5117988586426 20.4745635986328 20.4429664611816 20.4202823638916 20.4020404815674 20.38405418396 20.3683776855469 20.357292175293 20.352108001709 20.3523979187012 20.3556823730469 20.3591537475586 20.3642902374268 20.3753604888916 20.3924045562744 20.4129123687744 20.4372634887695 20.4659004211426 20.4983940124512 20.534969329834 20.5746459960938 20.6116790771484 20.645471572876 20.6815910339355 20.7195911407471 20.7581787109375 20.7937412261963 20.822509765625 20.8470878601074 20.8652801513672 20.8726329803467 20.8671722412109 20.8480281829834 20.8163318634033 20.7748622894287 20.7232627868652 20.6565837860107 20.5710830688477 20.4553375244141 20.3144569396973 20.14772605896 19.9527969360352 19.734001159668 19.4978561401367 19.2533740997314
21.3993282318115 21.3520183563232 21.3065853118896 21.2771053314209 21.2587909698486 21.2376270294189 21.2082424163818 21.1708602905273 21.130485534668 21.0952625274658 21.0687484741211 21.0456085205078 21.0233211517334 21.0031604766846 20.9874286651611 20.9765529632568 20.9711608886719 20.971040725708 20.9720573425293 20.9733333587646 20.9833469390869 20.9974460601807 21.0141296386719 21.0348033905029 21.0602054595947 21.0887641906738 21.1185245513916 21.1509838104248 21.1821403503418 21.2119102478027 21.2417888641357 21.2706928253174 21.2980442047119 21.3229694366455 21.3428039550781 21.3559436798096 21.3624095916748 21.3575420379639 21.3421897888184 21.313512802124 21.2727699279785 21.2214698791504 21.1585712432861 21.0803623199463 20.9831638336182 20.8631706237793 20.7196369171143 20.5529651641846 20.3659896850586 20.1600151062012 19.9390029907227 19.7104320526123
22.0628757476807 22.0190715789795 21.9622287750244 21.9195365905762 21.8958988189697 21.8754367828369 21.8460540771484 21.8058128356934 21.7617473602295 21.7235260009766 21.6942501068115 21.6656894683838 21.641788482666 21.6217803955078 21.6059150695801 21.5936679840088 21.5859031677246 21.5828838348389 21.5823097229004 21.5854072570801 21.5921440124512 21.604907989502 21.6174087524414 21.6315689086914 21.6500339508057 21.6718845367432 21.694486618042 21.7187461853027 21.7442722320557 21.7680053710938 21.7903251647949 21.8119049072266 21.8306159973145 21.8448925018311 21.8529567718506 21.8531799316406 21.8472175598145 21.8322048187256 21.8040447235107 21.7643985748291 21.7137088775635 21.651725769043 21.577579498291 21.4892272949219 21.3844394683838 21.2633743286133 21.1213245391846 20.957145690918 20.7793617248535 20.5855178833008 20.3791065216064 20.1662464141846
22.7045288085938 22.6658821105957 22.6083850860596 22.5498638153076 22.511022567749 22.4829635620117 22.4523220062256 22.4142055511475 22.3723487854004 22.3338050842285 22.3026466369629 22.2758731842041 22.2519550323486 22.2328929901123 22.2174377441406 22.2051849365234 22.1960906982422 22.190299987793 22.1880226135254 22.1892242431641 22.1917133331299 22.1987991333008 22.2066993713379 22.2169036865234 22.23073387146 22.2477035522461 22.2665996551514 22.2872180938721 22.307222366333 22.3237495422363 22.3377170562744 22.3488712310791 22.3564167022705 22.358003616333 22.3521537780762 22.3384704589844 22.3165397644043 22.2863540649414 22.2449016571045 22.1963424682617 22.1367301940918 22.0653915405273 21.9829769134521 21.887170791626 21.7753124237061 21.6499004364014 21.5137138366699 21.357967376709 21.1861381530762 21.0007419586182 20.8076095581055 20.6115875244141
23.3182315826416 23.2780570983887 23.2244319915771 23.162784576416 23.1161365509033 23.0817356109619 23.0490493774414 23.0122833251953 22.9727439880371 22.9352416992188 22.9028377532959 22.8752632141113 22.8525867462158 22.8322200775146 22.8165321350098 22.8037242889404 22.7934226989746 22.7860622406006 22.7818870544434 22.781343460083 22.7836780548096 22.7872428894043 22.7925071716309 22.7999000549316 22.8107566833496 22.8247871398926 22.8401546478271 22.8545703887939 22.865291595459 22.8687038421631 22.8704681396484 22.8687038421631 22.8629684448242 22.8504390716553 22.8302955627441 22.8024234771729 22.7651290893555 22.7205028533936 22.6664485931396 22.6045455932617 22.5350074768066 22.4566097259521 22.3678188323975 22.2673740386963 22.1545276641846 22.0293006896973 21.8906192779541 21.7365951538086 21.5683860778809 21.3924999237061 21.2120418548584 21.0314655303955
23.9193096160889 23.8720092773438 23.819486618042 23.7639904022217 23.7148056030273 23.674633026123 23.6379871368408 23.6004772186279 23.5632190704346 23.5295963287354 23.5003318786621 23.4740047454834 23.4512634277344 23.4313087463379 23.4156017303467 23.4028034210205 23.3926963806152 23.3862781524658 23.3833541870117 23.3820095062256 23.3828125 23.3834133148193 23.3837451934814 23.3850574493408 23.3883571624756 23.3949127197266 23.4020385742188 23.4052906036377 23.4047145843506 23.3978137969971 23.3852825164795 23.3682518005371 23.3457450866699 23.3180561065674 23.2844867706299 23.2426300048828 23.1906661987305 23.1304550170898 23.0642986297607 22.9911975860596 22.9092559814453 22.8200969696045 22.7237071990967 22.6198196411133 22.5063533782959 22.3799285888672 22.2406349182129 22.0878829956055 21.9256401062012 21.7612018585205 21.5939636230469 21.4269104003906
24.5083198547363 24.4595794677734 24.4107646942139 24.3638687133789 24.3173408508301 24.2742652893066 24.2358379364014 24.1991767883301 24.1643733978271 24.1332950592041 24.1066818237305 24.0835475921631 24.0604228973389 24.0424003601074 24.0269222259521 24.0120620727539 23.9993801116943 23.9906215667725 23.9852313995361 23.9809093475342 23.9776248931885 23.974422454834 23.9695434570312 23.9645004272461 23.959156036377 23.9556407928467 23.9522514343262 23.9434490203857 23.9273204803467 23.9103374481201 23.8823509216309 23.8504428863525 23.8122730255127 23.7680149078369 23.7181243896484 23.6615543365479 23.5966777801514 23.5237045288086 23.4441108703613 23.3581047058105 23.2601337432861 23.160436630249 23.0576705932617 22.9478149414062 22.8271713256836 22.6955642700195 22.5583076477051 22.4112663269043 22.2568035125732 22.1047687530518 21.9531879425049 21.803295135498
25.0948390960693 25.0498218536377 25.0077285766602 24.9644756317139 24.9221992492676 24.8805446624756 24.8406639099121 24.8038787841797 24.7718334197998 24.743408203125 24.7158622741699 24.6897296905518 24.6652717590332 24.646858215332 24.6306190490723 24.6134357452393 24.5981330871582 24.5868225097656 24.5785045623779 24.5706176757812 24.5624809265137 24.5549354553223 24.5432968139648 24.5298480987549 24.5151691436768 24.4984321594238 24.4796848297119 24.4575576782227 24.4289131164551 24.3949203491211 24.3518447875977 24.3046417236328 24.2518329620361 24.1939849853516 24.1304798126221 24.0600738525391 23.9822196960449 23.8975811004639 23.8062515258789 23.7080688476562 23.59792137146 23.4877471923828 23.3748893737793 23.254940032959 23.1264190673828 22.9925727844238 22.8579998016357 22.7168273925781 22.5737838745117 22.4333457946777 22.2966423034668 22.1642894744873
25.6694564819336 25.626033782959 25.5857028961182 25.5437908172607 25.5048999786377 25.4677124023438 25.4312019348145 25.3975811004639 25.3742790222168 25.3528842926025 25.3204879760742 25.2855262756348 25.2550239562988 25.2329578399658 25.2137565612793 25.1948356628418 25.1775379180908 25.1622982025146 25.1484050750732 25.1345233917236 25.1189517974854 25.1050510406494 25.0850009918213 25.0619773864746 25.0352382659912 25.0048446655273 24.9709415435791 24.9334316253662 24.8914566040039 24.8433055877686 24.7877864837646 24.7291240692139 24.6648902893066 24.5957164764404 24.5212440490723 24.440408706665 24.352855682373 24.2589340209961 24.1580486297607 24.0510540008545 23.9330749511719 23.8136749267578 23.6903648376465 23.5613918304443 23.4274272918701 23.2912693023682 23.1559505462646 23.022144317627 22.8857192993164 22.7535648345947 22.6300029754639 22.513557434082
26.2109336853027 26.1684665679932 26.1297874450684 26.090124130249 26.0531444549561 26.01930809021 25.9850540161133 25.9535541534424 25.9398365020752 25.9268207550049 25.88987159729 25.8462181091309 25.8087463378906 25.7822151184082 25.7588024139404 25.7370529174805 25.7156677246094 25.6944160461426 25.6727352142334 25.6500339508057 25.6257095336914 25.6019611358643 25.5720996856689 25.5401554107666 25.5039119720459 25.4631767272949 25.4183769226074 25.369348526001 25.3158397674561 25.2581558227539 25.1919898986816 25.1247634887695 25.0519676208496 24.97412109375 24.8921699523926 24.8043594360352 24.7099571228027 24.6102066040039 24.5039100646973 24.3886890411377 24.2649517059326 24.137601852417 24.0080432891846 23.875301361084 23.7388019561768 23.6004581451416 23.4632549285889 23.3288707733154 23.1997032165527 23.0780601501465 22.9653434753418 22.8622932434082
26.7028331756592 26.6612110137939 26.6231021881104 26.5852108001709 26.5495738983154 26.5165863037109 26.4829578399658 26.449743270874 26.4214210510254 26.3946266174316 26.3641223907471 26.3331737518311 26.3038940429688 26.2762832641602 26.2507972717285 26.2265548706055 26.1981945037842 26.1684055328369 26.1394729614258 26.1098022460938 26.0775489807129 26.0437088012695 26.0051345825195 25.9641361236572 25.9191608428955 25.8705520629883 25.8187694549561 25.7635269165039 25.7039203643799 25.6391677856445 25.5679206848145 25.493465423584 25.4152870178223 25.3311824798584 25.2428016662598 25.1496028900146 25.0510578155518 24.9476261138916 24.8382129669189 24.7198867797852 24.5971183776855 24.4714317321777 24.3420143127441 24.2095756530762 24.0748958587646 23.9376239776611 23.7984752655029 23.6629180908203 23.5394878387451 23.4238414764404 23.3225517272949 23.2329177856445
27.138671875 27.0987911224365 27.0601978302002 27.0220737457275 26.9885482788086 26.9544696807861 26.9222450256348 26.8890819549561 26.8565902709961 26.8257675170898 26.7955551147461 26.7653026580811 26.7378730773926 26.7105941772461 26.6856307983398 26.662992477417 26.6281871795654 26.5902729034424 26.5541915893555 26.5167579650879 26.4774436950684 26.4354877471924 26.3881092071533 26.3361186981201 26.2811737060547 26.2273235321045 26.1738109588623 26.1180229187012 26.0575523376465 25.9904708862305 25.916561126709 25.8385181427002 25.7542400360107 25.6666278839111 25.5743179321289 25.4775009155273 25.3771858215332 25.2732257843018 25.1639842987061 25.0508728027344 24.9302806854248 24.808422088623 24.6847190856934 24.5577335357666 24.428466796875 24.2971973419189 24.1652641296387 24.0385246276855 23.9212532043457 23.8145046234131 23.7200546264648 23.6394577026367
27.5239868164062 27.4855346679688 27.4478378295898 27.4099597930908 27.3764381408691 27.3442783355713 27.3117351531982 27.2782306671143 27.245677947998 27.2143077850342 27.1833477020264 27.1530151367188 27.1239376068115 27.0934886932373 27.0644245147705 27.0338840484619 27.001012802124 26.9656543731689 26.9267635345459 26.8837852478027 26.8383159637451 26.7910232543945 26.735668182373 26.6673374176025 26.5962657928467 26.5377159118652 26.4884357452393 26.4385356903076 26.3814125061035 26.315544128418 26.2402992248535 26.1614112854004 26.0765953063965 25.9883728027344 25.8957386016846 25.7995052337646 25.6997356414795 25.5968418121338 25.4921493530273 25.3821716308594 25.2700366973877 25.1528415679932 25.0353736877441 24.9158210754395 24.7956104278564 24.6758060455322 24.5581893920898 24.4469184875488 24.3421440124512 24.247594833374 24.1619205474854 24.0927429199219
27.8704414367676 27.8337841033936 27.798023223877 27.7629146575928 27.7293090820312 27.695915222168 27.6644706726074 27.63330078125 27.6021747589111 27.571252822876 27.5407524108887 27.5109367370605 27.4816455841064 27.4505996704102 27.421350479126 27.3902282714844 27.3569583892822 27.3222885131836 27.285961151123 27.2481861114502 27.2104625701904 27.1716461181641 27.1179370880127 27.0142974853516 26.8796977996826 26.7983245849609 26.7610206604004 26.7299461364746 26.683069229126 26.6206569671631 26.5488471984863 26.4715385437012 26.3881645202637 26.3015594482422 26.2119560241699 26.1199264526367 26.0248126983643 25.9269275665283 25.8275871276855 25.7236919403076 25.6193790435791 25.5088329315186 25.4008693695068 25.2921028137207 25.183069229126 25.0757064819336 24.9731006622314 24.8783264160156 24.7883033752441 24.7099437713623 24.6374988555908 24.5827960968018
