AnalysisFolder/EnvironmentalData/Future/rcp8_5/2100/tavg.asc
NCOLS 360 
NROWS 90 
XLLCORNER -180 
YLLCORNER 0 
CELLSIZE 1 
NODATA_value -3.4e+38 
[rows 23 to 45 of 90, columns 104 to 155 of 360]
1.47819483280182 1.47851943969727 -3.4e+38 -3.4e+38 -3.4e+38 -3.4e+38 -3.4e+38 -3.4e+38 -3.4e+38 -3.4e+38 -3.4e+38 -3.4e+38 -3.4e+38 -3.4e+38 -3.4e+38 0.817986905574799 0.840960919857025 0.954361319541931 1.10500967502594 1.23636949062347 1.42260646820068 1.68650043010712 -3.4e+38 -3.4e+38 -3.4e+38 -3.4e+38 -3.4e+38 -3.4e+38 -3.4e+38 -3.4e+38 -3.4e+38 -3.4e+38 -3.4e+38 -3.4e+38 -3.4e+38 -3.4e+38 -3.4e+38 -3.4e+38 -3.4e+38 -3.4e+38 -3.4e+38 -3.4e+38 5.27516031265259 5.20473861694336 5.20273494720459 5.28485918045044 5.33627605438232 5.29585075378418 5.47770500183105 5.91630506515503 6.34411525726318 6.53521871566772
1.52860271930695 -3.4e+38 -3.4e+38 -3.4e+38 -3.4e+38 -3.4e+38 -3.4e+38 -3.4e+38 -3.4e+38 -3.4e+38 -3.4e+38 -3.4e+38 -3.4e+38 0.606214046478271 1.07742893695831 1.08143675327301 1.15031337738037 1.32470095157623 1.62722313404083 1.94895839691162 2.23570919036865 2.5737943649292 2.98791694641113 -3.4e+38 -3.4e+38 -3.4e+38 -3.4e+38 -3.4e+38 -3.4e+38 -3.4e+38 -3.4e+38 -3.4e+38 -3.4e+38 -3.4e+38 -3.4e+38 -3.4e+38 -3.4e+38 -3.4e+38 6.87753009796143 6.65301752090454 6.34778928756714 6.27220010757446 6.40576410293579 6.7414755821228 7.20200490951538 7.70689010620117 8.28031349182129 8.73022174835205 9.14364147186279 9.3675708770752 9.40932178497314 4.9236364364624
-3.4e+38 -3.4e+38 -3.4e+38 -3.4e+38 -3.4e+38 -3.4e+38 -3.4e+38 -3.4e+38 -3.4e+38 -3.4e+38 -3.4e+38 1.52452659606934 1.46756815910339 1.38094019889832 1.37239503860474 1.45795476436615 1.66263318061829 2.00826644897461 2.49593091011047 3.12198328971863 3.81995534896851 4.46169328689575 5.02757978439331 -3.4e+38 -3.4e+38 -3.4e+38 -3.4e+38 -3.4e+38 -3.4e+38 -3.4e+38 -3.4e+38 -3.4e+38 -3.4e+38 -3.4e+38 -3.4e+38 -3.4e+38 7.1974401473999 7.27619886398315 7.4033579826355 7.51582765579224 7.66420841217041 7.98354768753052 8.52060031890869 9.09170055389404 9.598464012146 9.98452758789062 10.2664527893066 10.4352798461914 10.5903692245483 10.6747350692749 10.6753339767456 10.7452173233032
2.05795049667358 2.08382368087769 2.08864974975586 -3.4e+38 -3.4e+38 -3.4e+38 -3.4e+38 -3.4e+38 -3.4e+38 -3.4e+38 -3.4e+38 -3.4e+38 1.69054746627808 1.65934467315674 1.72357654571533 1.94140219688416 2.34792542457581 2.98703289031982 3.90851044654846 4.95849704742432 5.84515333175659 6.48635625839233 6.96230459213257 7.24254846572876 -3.4e+38 -3.4e+38 -3.4e+38 -3.4e+38 -3.4e+38 -3.4e+38 -3.4e+38 -3.4e+38 -3.4e+38 -3.4e+38 -3.4e+38 -3.4e+38 7.77587652206421 8.05649852752686 8.35250854492188 8.6650333404541 8.99931907653809 9.3209981918335 9.6473970413208 9.93549728393555 10.209153175354 10.4715042114258 10.6971130371094 10.8618478775024 10.9897918701172 11.1039752960205 11.1642847061157 11.2444496154785
-3.4e+38 2.2191526889801 1.68286299705505 1.71156370639801 1.90365540981293 1.89707815647125 -3.4e+38 -3.4e+38 -3.4e+38 -3.4e+38 2.14389729499817 2.0290470123291 1.96130955219269 1.9968044757843 2.16460967063904 2.50173854827881 3.07116866111755 3.93435311317444 4.9882698059082 5.94534206390381 6.6909031867981 7.24097967147827 7.65425729751587 7.96101188659668 8.14033317565918 -3.4e+38 -3.4e+38 -3.4e+38 -3.4e+38 -3.4e+38 -3.4e+38 -3.4e+38 -3.4e+38 -3.4e+38 -3.4e+38 8.05887413024902 8.33164024353027 8.78926277160645 9.1955680847168 9.49716854095459 9.73711681365967 9.93947887420654 10.1140642166138 10.2606515884399 10.4103984832764 10.5732364654541 10.7371063232422 10.9004526138306 11.0713348388672 11.2425241470337 11.38805103302 11.5157623291016
-3.4e+38 -3.4e+38 -3.4e+38 -3.4e+38 -3.4e+38 2.52721238136292 2.55501770973206 2.65057253837585 2.67464828491211 2.53765964508057 2.115318775177 2.14131546020508 2.16410517692566 2.27497172355652 2.4935188293457 2.89174699783325 3.54877328872681 4.48695039749146 5.52613067626953 6.42630529403687 7.10151243209839 7.57939386367798 7.90872240066528 8.13134860992432 8.27891445159912 8.34549140930176 -3.4e+38 -3.4e+38 -3.4e+38 -3.4e+38 -3.4e+38 -3.4e+38 -3.4e+38 -3.4e+38 8.19960784912109 8.42094230651855 8.78018569946289 9.20619201660156 9.50613880157471 9.69943904876709 9.85831928253174 10.0150699615479 10.1708498001099 10.33118724823 10.4975337982178 10.6672353744507 10.8351249694824 11.0068464279175 11.1957893371582 11.3908843994141 11.5728282928467 11.7381572723389
-3.4e+38 -3.4e+38 -3.4e+38 -3.4e+38 -3.4e+38 -3.4e+38 -3.4e+38 3.18396472930908 3.11460733413696 2.98961424827576 2.7316586971283 2.50700426101685 2.4553074836731 2.47015452384949 2.58251452445984 2.89777874946594 3.52290058135986 4.52039575576782 5.67668485641479 6.67138433456421 7.37764501571655 7.82900953292847 8.08920192718506 8.2365550994873 8.33001518249512 8.38973522186279 8.4182014465332 8.38514804840088 8.35687160491943 8.41193389892578 -3.4e+38 -3.4e+38 -3.4e+38 -3.4e+38 8.50442790985107 8.70033359527588 9.00389003753662 9.24176788330078 9.37754821777344 9.4946813583374 9.64341735839844 9.82401084899902 10.0206470489502 10.2462730407715 10.4959268569946 10.7468328475952 10.9770374298096 11.1818256378174 11.376335144043 11.5649938583374 11.7409791946411 11.9054794311523
-3.4e+38 -3.4e+38 -3.4e+38 -3.4e+38 -3.4e+38 -3.4e+38 -3.4e+38 3.67227053642273 3.66262674331665 -3.4e+38 -3.4e+38 -3.4e+38 -3.4e+38 2.9292197227478 2.82645416259766 2.9257824420929 3.36617541313171 4.23611259460449 5.44940757751465 6.58083057403564 7.36396646499634 7.8283486366272 8.08458137512207 8.2254524230957 8.31163692474365 8.37499141693115 8.42974662780762 8.47942543029785 8.52237987518311 8.55300331115723 8.55946826934814 8.55687427520752 8.54260635375977 8.57190799713135 8.6652774810791 8.8377857208252 8.983717918396 9.06488227844238 9.14226150512695 9.26363468170166 9.44099044799805 9.66059017181396 9.91006660461426 10.2004747390747 10.5156764984131 10.8193187713623 11.0835294723511 11.3025922775269 11.4864482879639 11.6498613357544 11.8047361373901 11.9593381881714
-3.4e+38 -3.4e+38 -3.4e+38 -3.4e+38 -3.4e+38 -3.4e+38 -3.4e+38 -3.4e+38 -3.4e+38 -3.4e+38 -3.4e+38 -3.4e+38 -3.4e+38 -3.4e+38 3.18758583068848 3.20966410636902 3.46458697319031 4.07602787017822 5.05326747894287 6.12680149078369 6.9867091178894 7.55185317993164 7.88324785232544 8.06618690490723 8.16928386688232 8.24840450286865 8.32356929779053 8.3930606842041 8.45453262329102 8.50790691375732 8.55699348449707 8.59621524810791 8.62930393218994 8.66975498199463 8.73724269866943 8.79957580566406 8.84492015838623 8.8909330368042 8.97054481506348 9.10613346099854 9.30036067962646 9.54960632324219 9.84955501556396 10.1862735748291 10.5235948562622 10.8260841369629 11.0777807235718 11.279275894165 11.4466953277588 11.6053075790405 11.7744054794312 11.961109161377
-3.4e+38 -3.4e+38 -3.4e+38 -3.4e+38 -3.4e+38 -3.4e+38 -3.4e+38 -3.4e+38 -3.4e+38 -3.4e+38 -3.4e+38 -3.4e+38 -3.4e+38 -3.4e+38 -3.4e+38 3.52460026741028 3.57827067375183 3.86745309829712 4.4729471206665 5.34394407272339 6.26230764389038 6.97134590148926 7.40597724914551 7.65178823471069 7.80552530288696 7.93607997894287 8.06747245788574 8.19500064849854 8.30984973907471 8.4087085723877 8.48678874969482 8.54921436309814 8.59614086151123 8.63248920440674 8.6623477935791 8.69181442260742 8.72978687286377 8.77886295318604 8.86075210571289 9.00375652313232 9.20873641967773 9.4757022857666 9.78904151916504 10.1251411437988 10.4448852539062 10.7178602218628 10.9373254776001 11.1220598220825 11.3025035858154 11.4978513717651 11.7177400588989 11.9646282196045
-3.4e+38 -3.4e+38 -3.4e+38 -3.4e+38 -3.4e+38 -3.4e+38 -3.4e+38 -3.4e+38 -3.4e+38 -3.4e+38 -3.4e+38 -3.4e+38 -3.4e+38 -3.4e+38 -3.4e+38 -3.4e+38 3.99889087677002 4.00921058654785 4.21484279632568 4.63543176651001 5.21057653427124 5.81963539123535 6.36378479003906 6.78852844238281 7.1028881072998 7.36828708648682 7.61224842071533 7.83042573928833 8.02407455444336 8.1879711151123 8.31067657470703 8.40088367462158 8.46824550628662 8.51251316070557 8.54798889160156 8.58653259277344 8.6360387802124 8.69756984710693 8.79110050201416 8.93330669403076 9.13294506072998 9.38187313079834 9.66617393493652 9.96176815032959 10.2428092956543 10.4889335632324 10.6973285675049 10.8960380554199 11.1133575439453 11.3623704910278 11.6448945999146 11.9501104354858
-3.4e+38 -3.4e+38 -3.4e+38 -3.4e+38 -3.4e+38 -3.4e+38 -3.4e+38 -3.4e+38 -3.4e+38 -3.4e+38 -3.4e+38 -3.4e+38 -3.4e+38 -3.4e+38 -3.4e+38 -3.4e+38 4.6205620765686 4.63211727142334 4.52853870391846 4.53348350524902 4.64452266693115 4.84839630126953 5.20005750656128 5.6576886177063 6.15392637252808 6.63499402999878 7.0505747795105 7.39213180541992 7.67920017242432 7.91174602508545 8.08260345458984 8.2089262008667 8.30100536346436 8.37621784210205 8.44192409515381 8.50333309173584 8.57094287872314 8.64971733093262 8.75413608551025 8.89408779144287 9.07274436950684 9.28119945526123 9.51834297180176 9.76315879821777 9.99808120727539 10.2123289108276 10.4157295227051 10.6236982345581 10.8630485534668 11.1429977416992 11.4587850570679 11.8024272918701
-3.4e+38 -3.4e+38 -3.4e+38 -3.4e+38 -3.4e+38 -3.4e+38 -3.4e+38 -3.4e+38 -3.4e+38 -3.4e+38 -3.4e+38 -3.4e+38 -3.4e+38 -3.4e+38 -3.4e+38 -3.4e+38 -3.4e+38 -3.4e+38 -3.4e+38 5.1768364906311 5.11185073852539 5.04649925231934 5.08795738220215 5.34204292297363 5.7507791519165 6.21893787384033 6.65949773788452 7.05595445632935 7.40039682388306 7.66813707351685 7.87340402603149 8.03626346588135 8.16589641571045 8.27503776550293 8.37304782867432 8.46208667755127 8.55238819122314 8.64890003204346 8.76052856445312 8.89482402801514 9.05019664764404 9.22563171386719 9.41658687591553 9.61084175109863 9.80001449584961 9.98572254180908 10.1792402267456 10.3905019760132 10.6315183639526 10.9028148651123 11.2052249908447 11.5428838729858
-3.4e+38 -3.4e+38 -3.4e+38 -3.4e+38 -3.4e+38 -3.4e+38 -3.4e+38 -3.4e+38 -3.4e+38 -3.4e+38 -3.4e+38 -3.4e+38 -3.4e+38 -3.4e+38 -3.4e+38 -3.4e+38 -3.4e+38 -3.4e+38 -3.4e+38 -3.4e+38 -3.4e+38 5.65579986572266 5.50572204589844 5.57415866851807 5.80992412567139 6.12904739379883 6.49606847763062 6.87474346160889 7.22199821472168 7.51142549514771 7.74442911148071 7.93545198440552 8.09648895263672 8.23822593688965 8.36788463592529 8.48838996887207 8.60446548461914 8.72070407867432 8.84248828887939 8.97617149353027 9.11661052703857 9.27517890930176 9.44366931915283 9.60847663879395 9.77231979370117 9.94362354278564 10.127462387085 10.3246278762817 10.5389957427979 10.7782192230225 11.0548524856567 11.3802890777588
-3.4e+38 -3.4e+38 -3.4e+38 -3.4e+38 -3.4e+38 -3.4e+38 -3.4e+38 -3.4e+38 -3.4e+38 -3.4e+38 -3.4e+38 -3.4e+38 -3.4e+38 -3.4e+38 -3.4e+38 -3.4e+38 -3.4e+38 -3.4e+38 -3.4e+38 -3.4e+38 -3.4e+38 6.38465595245361 6.13931846618652 6.04953813552856 6.13268184661865 6.33619403839111 6.59799146652222 6.90688991546631 7.23114585876465 7.52535009384155 7.76992559432983 7.97112655639648 8.14874267578125 8.31337547302246 8.46425342559814 8.61302757263184 8.75354766845703 8.89113998413086 9.02925205230713 9.17446708679199 9.32622146606445 9.48686408996582 9.65688228607178 9.82481479644775 9.99192810058594 10.1590156555176 10.3293333053589 10.5070686340332 10.690975189209 10.8852958679199 11.1025714874268 11.3586196899414
-3.4e+38 -3.4e+38 -3.4e+38 -3.4e+38 -3.4e+38 -3.4e+38 -3.4e+38 -3.4e+38 -3.4e+38 -3.4e+38 -3.4e+38 -3.4e+38 -3.4e+38 -3.4e+38 -3.4e+38 -3.4e+38 -3.4e+38 -3.4e+38 -3.4e+38 -3.4e+38 -3.4e+38 7.13143062591553 6.87714910507202 6.72708559036255 6.69526195526123 6.79617929458618 6.99494361877441 7.24007987976074 7.5162525177002 7.79152584075928 8.03060913085938 8.22667598724365 8.39511203765869 8.55463981628418 8.71200847625732 8.8744945526123 9.0421314239502 9.20069313049316 9.35994434356689 9.52611637115479 9.7023458480835 9.88862037658691 10.0862321853638 10.2852439880371 10.473653793335 10.6420478820801 10.8022594451904 10.967456817627 11.1304693222046 11.2843255996704 11.439736366272 11.6233396530151
-3.4e+38 -3.4e+38 -3.4e+38 -3.4e+38 -3.4e+38 -3.4e+38 -3.4e+38 -3.4e+38 -3.4e+38 -3.4e+38 -3.4e+38 -3.4e+38 -3.4e+38 -3.4e+38 -3.4e+38 -3.4e+38 -3.4e+38 -3.4e+38 -3.4e+38 -3.4e+38 -3.4e+38 8.07479858398438 7.78155422210693 7.54688262939453 7.39473724365234 7.40893077850342 7.56479978561401 7.77684879302979 8.01163482666016 8.25592422485352 8.48251152038574 8.67492294311523 8.83800315856934 8.98998355865479 9.13884544372559 9.299973487854 9.47360134124756 9.65808582305908 9.84037971496582 10.0312147140503 10.2348928451538 10.4551124572754 10.6897192001343 10.934193611145 11.1677618026733 11.3669662475586 11.53200340271 11.6795234680176 11.8142623901367 11.9299554824829 12.0375108718872 12.1677408218384
-3.4e+38 -3.4e+38 -3.4e+38 -3.4e+38 -3.4e+38 -3.4e+38 -3.4e+38 -3.4e+38 -3.4e+38 -3.4e+38 10.7401504516602 10.8937883377075 11.0517721176147 11.1836137771606 11.3401002883911 11.5210275650024 11.6886415481567 -3.4e+38 -3.4e+38 -3.4e+38 -3.4e+38 -3.4e+38 -3.4e+38 8.51150417327881 8.20468807220459 8.07976913452148 8.16177463531494 8.35417747497559 8.57246398925781 8.80100631713867 9.03500175476074 9.26257991790771 9.47127723693848 9.65544414520264 9.79872608184814 9.93460941314697 10.1075162887573 10.3095111846924 10.5138654708862 10.721923828125 10.941873550415 11.1797609329224 11.435037612915 11.7031164169312 11.9696025848389 12.2100210189819 12.4012479782104 12.5379428863525 12.6359233856201 12.7166833877563 12.7978715896606 12.8992576599121
-3.4e+38 -3.4e+38 -3.4e+38 -3.4e+38 -3.4e+38 -3.4e+38 -3.4e+38 -3.4e+38 -3.4e+38 -3.4e+38 -3.4e+38 -3.4e+38 11.6381931304932 11.6540718078613 11.7793350219727 11.9341259002686 -3.4e+38 -3.4e+38 -3.4e+38 -3.4e+38 -3.4e+38 -3.4e+38 -3.4e+38 -3.4e+38 9.30326080322266 9.01464748382568 8.88790702819824 8.96802043914795 9.17061042785645 9.41756725311279 9.68371391296387 9.96045398712158 10.2452669143677 10.512451171875 10.6869325637817 10.7961139678955 10.938853263855 11.1339750289917 11.3500127792358 11.5723123550415 11.7979784011841 12.0354557037354 12.2929992675781 12.5642204284668 12.8366403579712 13.0913228988647 13.299578666687 13.4405431747437 13.5249853134155 13.5900774002075 13.6656398773193 13.7588939666748
-3.4e+38 -3.4e+38 -3.4e+38 -3.4e+38 -3.4e+38 -3.4e+38 -3.4e+38 -3.4e+38 -3.4e+38 -3.4e+38 -3.4e+38 -3.4e+38 12.2643041610718 12.2904987335205 12.4316940307617 12.5801296234131 -3.4e+38 -3.4e+38 -3.4e+38 -3.4e+38 -3.4e+38 -3.4e+38 -3.4e+38 -3.4e+38 10.5168514251709 10.3734979629517 10.1924057006836 10.0062971115112 10.0503730773926 10.330265045166 10.677152633667 11.0224628448486 11.3642559051514 11.6665458679199 11.837797164917 11.8915958404541 11.9823951721191 12.157660484314 12.3706274032593 12.5828609466553 12.7952661514282 13.0196990966797 13.2632083892822 13.5191249847412 13.7745275497437 14.0125598907471 14.2100410461426 14.3483982086182 14.4349565505981 14.5061235427856 14.5926494598389 14.7058744430542
-3.4e+38 -3.4e+38 -3.4e+38 -3.4e+38 -3.4e+38 -3.4e+38 -3.4e+38 -3.4e+38 -3.4e+38 -3.4e+38 -3.4e+38 -3.4e+38 -3.4e+38 -3.4e+38 -3.4e+38 -3.4e+38 -3.4e+38 13.8398389816284 14.1710395812988 14.1650218963623 13.9179964065552 13.5384197235107 12.9209289550781 12.1670961380005 11.8652696609497 11.831934928894 11.6958980560303 11.4617948532104 11.471640586853 11.8158130645752 12.2448101043701 12.5730686187744 12.8358354568481 13.0583267211914 13.1595163345337 13.1564416885376 13.1972713470459 13.3355445861816 13.5170412063599 13.7038021087646 13.8982715606689 14.1088762283325 14.3347539901733 14.5690259933472 14.8006048202515 15.009108543396 15.1719589233398 15.2849884033203 15.3639583587646 15.4391555786133 15.5388355255127 15.6876945495605
-3.4e+38 -3.4e+38 -3.4e+38 -3.4e+38 -3.4e+38 -3.4e+38 -3.4e+38 -3.4e+38 -3.4e+38 -3.4e+38 -3.4e+38 -3.4e+38 -3.4e+38 -3.4e+38 -3.4e+38 -3.4e+38 14.891731262207 15.1800746917725 15.4573583602905 15.3578701019287 14.9637317657471 14.4533224105835 13.9327516555786 13.5776815414429 13.5553283691406 13.6163549423218 13.5787925720215 13.5793790817261 13.7755966186523 14.1232023239136 14.4097318649292 14.5196504592896 14.5436677932739 14.5612773895264 14.5526218414307 14.5278911590576 14.5556592941284 14.6460008621216 14.7696123123169 14.9070720672607 15.0617561340332 15.2371168136597 15.4358348846436 15.6563129425049 15.8834934234619 16.0835285186768 16.2196178436279 16.2891845703125 16.3346557617188 16.3997764587402 16.5032424926758 16.6672897338867
-3.4e+38 -3.4e+38 -3.4e+38 -3.4e+38 -3.4e+38 -3.4e+38 -3.4e+38 -3.4e+38 -3.4e+38 -3.4e+38 -3.4e+38 -3.4e+38 -3.4e+38 -3.4e+38 17.6301498413086 16.9873695373535 16.8804550170898 17.1383152008057 17.3414688110352 17.2120609283447 16.7829208374023 16.2157936096191 15.6601095199585 15.1931200027466 15.2769021987915 15.5801134109497 15.9725589752197 16.4575233459473 16.769344329834 16.8138732910156 16.6825103759766 16.4873390197754 16.3040924072266 16.1675472259521 16.0745716094971 16.0227527618408 16.0149593353271 16.0437431335449 16.0930805206299 16.1621170043945 16.2546634674072 16.3752880096436 16.5324230194092 16.7330341339111 16.964391708374 17.1771640777588 17.3075695037842 17.3505344390869 17.3715705871582 17.4164333343506 17.4991874694824 17.6462688446045
