AnalysisFolder/TestModelRun/R/GadusMacrocephalus2100.asc
NCOLS 360 
NROWS 90 
XLLCORNER -180 
YLLCORNER 0 
CELLSIZE 1 
NODATA_value -9999 
[rows 0 to 41 of 90, columns 93 to 185 of 360]
2 2 2 2 2 2 2 2 2 2 2 2 2 2 2 2 2 2 2 2.5 2.5 3 3 2.5 2.5 2 2 2 2 2 2 2 2 2 2 2 2 2 2 2 2 2 2 1.5 2 2 2 2 2 2 2 2 1.5 1.5 1.5 1.5 1.5 1.5 1.5 1.5 1.5 1.5 1.5 2 2 2 2 2 2 2 2 2 2 2 2 1.5 1.5 1.5 1.5 1.5 1.5 1.5 1.5 1.5 1.5 1.5 1.5 1.5 1.5 1.5 1.5 1.5 1.5
19 16.5 16 16.5 16.5 16.5 16.5 17.5 19 21.5 23 24 24 24 24 23 23 23.5 24 25 27 28 25.5 19 13.5 10 8 7 7 7.5 8 9.5 10.5 10.5 9.5 7.5 6 6 5 5 5 4 2.5 2 2 2 2 2 2 2 2 2 2 2 2 2 2 2 2 1.5 1.5 1.5 1.5 1.5 1.5 1.5 1.5 1.5 1.5 1.5 1.5 1.5 1.5 1.5 1.5 1.5 1.5 1.5 1.5 1.5 1.5 1.5 1.5 1.5 1.5 1.5 1.5 1.5 1.5 1.5 1.5 1.5 1.5
13.5 12.5 13 13.5 13 12.5 13 13.5 12.5 11.5 9.5 7.5 8.5 9 9.5 11 13.5 15 20.5 24 27.5 28 28 28 27.5 27.5 28 28.5 28.5 28 27 26.5 25.5 18 13.5 10 7.5 7 6.5 6 4 3 3 2 2.5 2.5 2.5 2.5 2.5 2.5 2.5 2.5 2 2 2 2 2 2 2 2 2 2 2 1.5 1.5 1.5 1.5 1.5 1.5 1.5 1.5 1.5 1.5 1.5 1.5 1.5 1.5 1.5 1.5 1.5 1.5 1.5 1.5 1.5 1.5 1.5 1.5 1.5 1.5 1.5 1.5 1.5 1.5
6.5 6.5 6.5 6.5 7 7 7 9.5 8.5 8.5 8.5 8.5 11 12.5 12.5 12.5 12.5 12.5 12.5 12.5 12.5 12.5 13 17 22 25.5 33 37.5 42 45 44.5 44.5 45 44 40 25.5 14 13.5 12.5 15.5 15 8.5 5.5 4 3 3 3 3 3 3 3 3 3 2.5 2.5 2.5 2 2 2 2 2 2 2 2 2 1.5 1.5 1.5 1.5 1.5 1.5 1.5 1.5 1.5 1.5 1.5 1.5 1.5 1.5 1.5 1.5 1.5 1.5 1.5 1.5 1.5 1.5 1.5 1.5 1.5 2 2 1.5
12 12.5 12.5 12.5 12.5 12.5 12.5 12.5 12.5 13 14 15 15.5 16.5 22.5 27.5 29 31.5 34 33.5 37 44 49 52.5 53.5 53.5 53.5 53 53 53 53 53.5 50.5 31 21 22.5 17.5 6 4.5 4.5 4.5 4 5.5 5.5 5 5 5.5 6.5 7.5 8.5 8.5 6.5 6 5.5 5.5 6 11 16.5 12.5 12.5 10.5 10 9 8.5 7.5 6 7 9.5 13 10.5 9.5 12 11.5 7 3 2 2.5 2 2 2 2 2 2 1.5 2 2 2 2 2 2 2 3 3
17.5 18 17.5 15.5 16.5 19 20 21.5 23 24 24 24 26.5 25.5 25 25 25 23 22.5 20.5 19 17 17 15.5 14 13 12 11.5 10 10 10.5 11.5 10.5 9 9 9 8 7 7 8 8.5 9 9 9 8 8.5 9.5 10.5 11 12 15 24 29.5 32 33 35 36 36 32.5 26 23.5 24.5 30 33 34.5 37 28 14 5.5 4 3 2 2 2 2 2 2 2 2.5 5 2 2 3 2 2 3.5 4 5 4 2 3 4 6.5
18.5 20 19 34 47 47.5 41.5 51.5 54 49 55.5 56 55.5 54 57 52.5 -9999 51 53.5 53 51.5 52.5 55 55 57 55.5 53 51 49.5 49 49.5 48.5 47.5 47 46.5 45.5 45.5 46 48 -9999 -9999 -9999 -9999 -9999 -9999 -9999 -9999 -9999 -9999 -9999 -9999 -9999 -9999 -9999 -9999 -9999 -9999 -9999 -9999 -9999 -9999 -9999 82 61.5 37.5 20 11 6 3 4 7 5 3 3 4 3 2.5 3 3.5 7.5 9 4.5 3 2 8.5 6.5 9.5 8.5 4 3.5 4.5 5.5 6.5
-9999 -9999 -9999 -9999 -9999 -9999 -9999 -9999 -9999 -9999 -9999 -9999 -9999 -9999 -9999 -9999 -9999 -9999 -9999 -9999 -9999 -9999 -9999 -9999 -9999 -9999 50.5 46.5 -9999 -9999 -9999 -9999 -9999 -9999 -9999 1000 -9999 -9999 -9999 -9999 -9999 -9999 -9999 -9999 -9999 -9999 -9999 -9999 -9999 -9999 -9999 -9999 -9999 -9999 -9999 -9999 -9999 -9999 -9999 -9999 -9999 -9999 -9999 -9999 -9999 -9999 -9999 105 96.5 94 90 82 39.5 29 12 6.5 7.5 6.5 5.5 4.5 3 1.5 3 9 16 6.5 5.5 5 5 5 5 6 7
-9999 -9999 -9999 -9999 -9999 -9999 -9999 -9999 -9999 -9999 -9999 -9999 -9999 -9999 -9999 -9999 -9999 -9999 -9999 -9999 -9999 -9999 -9999 -9999 -9999 -9999 -9999 -9999 -9999 -9999 -9999 -9999 -9999 -9999 -9999 -9999 -9999 -9999 -9999 -9999 -9999 -9999 -9999 -9999 -9999 -9999 -9999 -9999 -9999 -9999 -9999 -9999 -9999 -9999 -9999 -9999 -9999 -9999 -9999 -9999 -9999 -9999 -9999 -9999 -9999 -9999 -9999 -9999 -9999 -9999 -9999 -9999 -9999 -9999 -9999 118 118 111 51 24.5 9 6 5.5 6 6 13 16.5 20 43 82.5 99.5 105.5 114
-9999 -9999 -9999 -9999 -9999 -9999 -9999 -9999 -9999 -9999 -9999 -9999 -9999 -9999 -9999 -9999 -9999 -9999 -9999 -9999 -9999 -9999 -9999 -9999 -9999 -9999 -9999 -9999 -9999 -9999 -9999 -9999 -9999 -9999 -9999 -9999 -9999 -9999 -9999 -9999 -9999 -9999 -9999 -9999 -9999 -9999 -9999 -9999 -9999 -9999 -9999 -9999 -9999 -9999 -9999 -9999 -9999 -9999 -9999 -9999 -9999 -9999 -9999 -9999 -9999 -9999 -9999 -9999 -9999 -9999 -9999 -9999 -9999 237.5 179 155.5 141 139.5 134.5 138 133.5 85 16 10 9 8 18 14 26 55 130.5 199 230.5
-9999 -9999 -9999 -9999 -9999 -9999 -9999 -9999 -9999 -9999 -9999 -9999 -9999 -9999 -9999 -9999 1000 1000 -9999 -9999 -9999 -9999 -9999 -9999 -9999 -9999 -9999 -9999 -9999 -9999 -9999 -9999 -9999 -9999 -9999 -9999 -9999 -9999 -9999 -9999 -9999 -9999 -9999 -9999 -9999 -9999 -9999 -9999 -9999 -9999 -9999 -9999 -9999 -9999 -9999 -9999 -9999 -9999 -9999 -9999 -9999 -9999 -9999 -9999 -9999 -9999 -9999 -9999 -9999 -9999 181.5 190.5 194.5 176.5 168.5 154 167 179.5 187 184 183.5 160 74.5 45 34.5 34.5 34.5 28 35 65 56 68 118.5
-9999 -9999 -9999 -9999 -9999 -9999 -9999 -9999 -9999 -9999 -9999 -9999 70 56.5 -9999 -9999 -9999 -9999 -9999 -9999 -9999 -9999 -9999 -9999 -9999 -9999 -9999 -9999 -9999 -9999 -9999 -9999 -9999 -9999 -9999 -9999 -9999 -9999 -9999 -9999 -9999 -9999 -9999 -9999 -9999 -9999 -9999 -9999 -9999 -9999 -9999 -9999 -9999 -9999 -9999 -9999 -9999 -9999 -9999 -9999 -9999 -9999 -9999 -9999 -9999 -9999 -9999 -9999 237 199 174.5 220.5 221.5 215.5 208.5 222.5 230 240.5 265 304 315.5 331.5 200.5 83 60 69 78 294 163 224.5 260 316.5 559
-9999 -9999 -9999 -9999 -9999 -9999 -9999 -9999 -9999 -9999 -9999 71.5 65.5 121 -9999 -9999 -9999 -9999 -9999 -9999 -9999 -9999 -9999 -9999 -9999 -9999 -9999 -9999 -9999 -9999 -9999 -9999 -9999 -9999 -9999 -9999 -9999 -9999 -9999 -9999 -9999 -9999 -9999 -9999 -9999 -9999 -9999 -9999 -9999 -9999 -9999 -9999 -9999 -9999 -9999 -9999 -9999 -9999 -9999 -9999 -9999 -9999 -9999 -9999 -9999 -9999 -9999 -9999 -9999 219 216.5 197.5 211.5 223 240 279 289.5 341 437 453.5 554.5 506 209.5 85.5 104 116 125.5 149.5 169 201.5 264 394 416
-9999 -9999 -9999 -9999 -9999 -9999 -9999 -9999 -9999 -9999 219 149.5 122 109.5 153 157.5 -9999 -9999 -9999 -9999 -9999 -9999 -9999 -9999 -9999 -9999 -9999 -9999 -9999 -9999 -9999 -9999 -9999 -9999 -9999 -9999 -9999 -9999 -9999 -9999 -9999 -9999 -9999 -9999 -9999 -9999 -9999 -9999 -9999 -9999 -9999 -9999 -9999 -9999 -9999 -9999 -9999 -9999 -9999 -9999 -9999 -9999 -9999 -9999 -9999 -9999 -9999 -9999 -9999 259.5 223 246 268.5 286.5 330.5 337 420.5 500.5 595.5 621.5 282.5 216 195 88.5 87.5 226 201 217.5 218.5 302 471 333.5 520
-9999 -9999 -9999 -9999 -9999 -9999 -9999 -9999 -9999 187.5 188.5 172.5 162 152 153.5 156 170.5 188 208 230.5 235.5 238.5 294.5 284 192.5 193 -9999 -9999 -9999 -9999 -9999 -9999 -9999 -9999 -9999 -9999 -9999 -9999 -9999 -9999 -9999 -9999 -9999 -9999 -9999 -9999 -9999 -9999 -9999 -9999 -9999 -9999 -9999 -9999 -9999 -9999 -9999 -9999 -9999 -9999 -9999 -9999 -9999 -9999 -9999 -9999 -9999 -9999 -9999 209 251.5 271 300.5 353.5 429.5 348 160.5 121 102 94.5 95 106 117.5 121.5 137.5 147 165.5 658.5 528 372.5 249.5 358 356.5
-9999 -9999 -9999 -9999 -9999 -9999 -9999 -9999 193 187.5 162.5 181.5 173.5 157.5 131 108 86.5 71.5 60.5 51.5 46.5 80 159 236.5 249.5 215 209.5 201 -9999 -9999 -9999 -9999 -9999 -9999 -9999 -9999 -9999 -9999 -9999 -9999 -9999 -9999 -9999 -9999 -9999 -9999 -9999 -9999 -9999 -9999 -9999 -9999 -9999 -9999 -9999 -9999 -9999 -9999 -9999 -9999 -9999 -9999 -9999 -9999 -9999 -9999 -9999 -9999 384.5 446.5 459.5 436 442 112.5 69 68.5 79.5 104.5 126.5 139 159 163 160 181 178.5 287 204.5 192.5 200 186.5 231 200.5 339
-9999 -9999 -9999 -9999 -9999 -9999 -9999 -9999 -9999 -9999 -9999 163 158 155 136 117.5 92.5 63 47.5 40.5 37.5 42.5 65.5 202 221.5 235.5 263 317.5 252 256.5 396 -9999 -9999 -9999 -9999 -9999 -9999 -9999 -9999 -9999 -9999 -9999 -9999 -9999 -9999 -9999 -9999 -9999 -9999 -9999 -9999 -9999 -9999 -9999 -9999 -9999 -9999 -9999 -9999 -9999 -9999 -9999 -9999 -9999 -9999 -9999 -9999 -9999 546.5 520 514.5 210.5 125 124 135 168 192.5 439.5 245.5 239 314.5 298.5 299.5 401 317.5 367 658 362.5 335 317 309 351.5 447.5
-9999 -9999 -9999 -9999 -9999 -9999 -9999 -9999 -9999 -9999 -9999 -9999 -9999 221.5 155.5 126 78.5 58 44.5 38 37 38 40 44.5 56 145.5 203.5 256 303 327 -9999 -9999 -9999 -9999 -9999 -9999 -9999 -9999 -9999 -9999 -9999 -9999 -9999 -9999 -9999 -9999 -9999 -9999 -9999 -9999 -9999 -9999 -9999 -9999 -9999 -9999 -9999 -9999 -9999 -9999 -9999 -9999 -9999 -9999 -9999 585 536.5 577 580 601 316 290.5 385 729 817 520.5 582 521 461 452 478 450.5 401.5 493.5 509 550.5 766 636 806 348 508 372 337
-9999 -9999 -9999 -9999 -9999 -9999 -9999 -9999 -9999 -9999 -9999 -9999 -9999 -9999 -9999 -9999 275.5 185 73 54.5 41.5 39.5 41 41.5 44.5 67.5 134.5 224 257.5 290.5 316 -9999 -9999 -9999 -9999 -9999 -9999 -9999 -9999 -9999 -9999 -9999 -9999 -9999 -9999 -9999 -9999 -9999 -9999 -9999 -9999 -9999 -9999 -9999 -9999 -9999 -9999 -9999 -9999 -9999 -9999 -9999 -9999 -9999 -9999 -9999 525 574 346.5 286.5 458 668.5 819 824 689 809.5 778 611.5 957 832 884 681.5 758.5 746.5 770.5 822.5 580.5 300.5 243.5 196 192.5 181 179
-9999 -9999 -9999 -9999 -9999 -9999 -9999 -9999 -9999 -9999 -9999 -9999 -9999 -9999 -9999 -9999 -9999 -9999 -9999 277 186.5 91.5 47 46.5 51.5 90 167.5 189.5 211 238 287 375.5 -9999 -9999 -9999 -9999 -9999 -9999 -9999 -9999 -9999 -9999 -9999 -9999 -9999 -9999 -9999 -9999 -9999 -9999 -9999 -9999 -9999 -9999 -9999 -9999 -9999 -9999 -9999 -9999 -9999 -9999 -9999 -9999 -9999 -9999 721 715.5 408.5 526 815.5 929 973 888 925 927.5 972.5 999 1000 947.5 571 437.5 819 268.5 385 223 173.5 201 161 139 127.5 124 117.5
384.5 -9999 -9999 -9999 -9999 -9999 -9999 -9999 -9999 -9999 -9999 -9999 -9999 -9999 -9999 -9999 -9999 -9999 -9999 -9999 -9999 255.5 88 59.5 57 62 82.5 115 237 278.5 294.5 327 -9999 -9999 -9999 -9999 -9999 -9999 -9999 -9999 -9999 -9999 -9999 -9999 -9999 -9999 -9999 -9999 -9999 -9999 -9999 -9999 -9999 -9999 -9999 -9999 -9999 -9999 -9999 -9999 -9999 -9999 -9999 -9999 -9999 756.5 874.5 841.5 689.5 826 946.5 951.5 922 902.5 858.5 817 811.5 704 868.5 726.5 420.5 246 175 138.5 113.5 138.5 181 120.5 123.5 103.5 99 86 88
-9999 -9999 -9999 -9999 -9999 -9999 977 978.5 980 976 -9999 -9999 -9999 -9999 -9999 -9999 -9999 -9999 -9999 -9999 713 361.5 247 96 75.5 69.5 83 197 259 279 294.5 325 422 -9999 -9999 -9999 -9999 -9999 -9999 -9999 -9999 -9999 -9999 -9999 -9999 -9999 -9999 -9999 -9999 -9999 -9999 -9999 -9999 -9999 -9999 -9999 -9999 -9999 -9999 -9999 -9999 -9999 849 717 741 878 923 938 937 947.5 984 948 951.5 877 861 756.5 734.5 945 718.5 664 373 149.5 110.5 86 90.5 117 324 176 144.5 114.5 132 175 170
-9999 -9999 -9999 -9999 -9999 -9999 973.5 971 977 -9999 -9999 -9999 -9999 -9999 -9999 -9999 -9999 -9999 -9999 -9999 -9999 -9999 -9999 -9999 314 169 123 122 178 383.5 450.5 542.5 666.5 -9999 -9999 -9999 -9999 -9999 -9999 -9999 -9999 -9999 -9999 -9999 -9999 -9999 -9999 -9999 -9999 -9999 -9999 -9999 -9999 -9999 -9999 1000 1000 1000 999.5 999 998.5 974.5 967.5 994.5 999 998.5 1000 1000 1000 994.5 997 997.5 990 877 832 856.5 787.5 751.5 722.5 512.5 222 96.5 72 56.5 59 63.5 41 49 261 372 424 428.5 349
-9999 -9999 -9999 -9999 -9999 971 967.5 969.5 975 983 988.5 991 -9999 -9999 -9999 -9999 -9999 -9999 -9999 -9999 -9999 -9999 -9999 -9999 -9999 -9999 319.5 232 277.5 349.5 478 704.5 765 -9999 -9999 -9999 -9999 -9999 -9999 -9999 -9999 -9999 -9999 -9999 -9999 -9999 -9999 -9999 -9999 -9999 -9999 -9999 -9999 1000 1000 1000 1000 1000 1000 1000 999 999 1000 1000 -9999 1000 1000 1000 -9999 1000 -9999 -9999 1000 1000 956.5 832.5 759.5 697.5 633 408 155 80.5 168 44.5 50.5 42 52 50.5 116.5 251.5 299 338 422.5
-9999 -9999 -9999 -9999 952 965.5 971 976 980.5 -9999 -9999 -9999 -9999 -9999 -9999 -9999 -9999 -9999 -9999 -9999 -9999 -9999 -9999 -9999 -9999 464 376.5 365 421.5 483 635.5 825 991.5 999 -9999 -9999 -9999 -9999 -9999 -9999 -9999 -9999 -9999 -9999 -9999 -9999 -9999 -9999 -9999 -9999 -9999 1000 1000 1000 1000 998.5 998.5 954 889.5 941 987 991 1000 -9999 -9999 -9999 -9999 -9999 -9999 -9999 -9999 -9999 -9999 -9999 994 933 784.5 737.5 685 405.5 138 88.5 26 36.5 43 43 47.5 51.5 50.5 55.5 255 346.5 483.5
-9999 -9999 -9999 -9999 -9999 -9999 978.5 985 -9999 -9999 -9999 -9999 -9999 -9999 -9999 -9999 -9999 -9999 -9999 -9999 -9999 -9999 711.5 619 513 478 501 579 529 693.5 911.5 960 1000 1000 -9999 -9999 -9999 -9999 -9999 -9999 -9999 -9999 -9999 -9999 -9999 -9999 -9999 1000 999 998.5 1000 999 859.5 678.5 404.5 246.5 213.5 333 486.5 667 818 833.5 856.5 -9999 -9999 -9999 -9999 -9999 -9999 -9999 -9999 -9999 -9999 -9999 811 702.5 663.5 604 257 257.5 107.5 33.5 31.5 35.5 39 46.5 51.5 55 44.5 73 92 188.5 338
-9999 -9999 -9999 -9999 -9999 -9999 -9999 999 -9999 -9999 997 988.5 986.5 985 -9999 -9999 -9999 -9999 -9999 -9999 -9999 -9999 -9999 639.5 564 607 601 587 757 794.5 938.5 976.5 984 954.5 999.5 -9999 -9999 -9999 -9999 -9999 -9999 -9999 -9999 -9999 -9999 -9999 -9999 999 999 934.5 594 371 285.5 198.5 153 131 150.5 233.5 303.5 288 455.5 711 741.5 712 -9999 -9999 -9999 -9999 -9999 -9999 -9999 482.5 170.5 250.5 456 518 449.5 416 384.5 265 155 95 53.5 35 41.5 64.5 73.5 91 147.5 193.5 203.5 210.5 346
1000 1000 1000 -9999 -9999 1000 1000 -9999 1000 -9999 -9999 -9999 -9999 -9999 1000 988.5 -9999 -9999 -9999 -9999 -9999 -9999 -9999 666.5 642 636.5 552 639.5 634 623.5 589.5 574.5 535.5 470 428.5 996.5 -9999 -9999 -9999 -9999 -9999 -9999 -9999 -9999 -9999 -9999 995.5 795 451 381.5 256 182 148.5 124 106 150.5 167 215.5 247 301.5 268 522.5 250 238 220 199.5 173.5 125 140 79.5 58 52.5 84 134.5 159.5 209 254 282 380 560.5 566.5 518.5 366 290 222.5 90 135 212.5 304 397.5 478.5 524 -9999
1000 1000 1000 1000 1000 1000 1000 -9999 -9999 -9999 -9999 -9999 -9999 -9999 -9999 -9999 972.5 955 966 977 -9999 -9999 838 579 585.5 706.5 670.5 485 551 511 479.5 426.5 380.5 300.5 273.5 295 965 -9999 -9999 -9999 -9999 -9999 -9999 -9999 -9999 1000 674.5 422.5 319 222 181.5 143 110 116 136.5 174 194 264.5 293.5 429 266 184.5 143.5 118.5 102 104 54.5 43 36 31.5 27 28.5 37.5 56.5 70.5 120 87.5 131 172 358.5 377.5 317.5 155 90 86.5 217 339.5 386 423 395 411 536 -9999
1000 1000 1000 1000 1000 1000 1000 1000 1000 -9999 -9999 -9999 -9999 -9999 -9999 -9999 -9999 -9999 992 986 974 933 -9999 807.5 763 833 490.5 457.5 516.5 475.5 385.5 331 262 235.5 206 217 249 293.5 998 -9999 -9999 -9999 -9999 -9999 -9999 732.5 437.5 290.5 196.5 174.5 163 169 245 132 174 167.5 273.5 297.5 418.5 247 151.5 92.5 84.5 84 48 32 29 27 23.5 20 19.5 27 38.5 68 194.5 67.5 221 170 128.5 96 199.5 121.5 84.5 180.5 262 359.5 336.5 362 416.5 480 389.5 381.5 -9999
1000 1000 1000 1000 1000 1000 1000 1000 -9999 -9999 -9999 -9999 -9999 -9999 -9999 -9999 -9999 -9999 997 990.5 -9999 -9999 -9999 -9999 963.5 929 933.5 572 487 467.5 380.5 276 230 201 168.5 177 168 176.5 201 268 513.5 990.5 -9999 -9999 685 491.5 338 234.5 172 159.5 166.5 207.5 251 260.5 271 340.5 393.5 303 173.5 140 89.5 62.5 59 49.5 36.5 23 20 19.5 16.5 46 82.5 49 89 56 42.5 33.5 33 31 38 55 148 187.5 201.5 222 258.5 289 308.5 337 378.5 411 394 382.5 -9999
1000 1000 1000 1000 1000 1000 1000 1000 -9999 -9999 -9999 -9999 -9999 -9999 -9999 -9999 -9999 -9999 -9999 -9999 -9999 -9999 -9999 -9999 -9999 993.5 978 725 601.5 493 411 291 233 196.5 184.5 158.5 156.5 166 164 253.5 350 403 705.5 453 343.5 202 178 172.5 185.5 288.5 316 259.5 217 269.5 360.5 344.5 230.5 112 139.5 112.5 58 45 36.5 25 21.5 18.5 16 50 160.5 93 169 61 77.5 40.5 26 20 17 38.5 106 146.5 -9999 190 -9999 -9999 257.5 253.5 269.5 289 330 389 401.5 341.5 -9999
1000 1000 1000 1000 1000 1000 1000 1000 1000 -9999 -9999 -9999 -9999 -9999 -9999 -9999 -9999 -9999 -9999 -9999 -9999 -9999 -9999 -9999 -9999 -9999 997.5 994 662 606.5 518 429.5 308.5 248.5 211.5 190.5 167 162 189 235 251.5 196.5 157.5 150.5 154.5 173 171.5 175.5 208 154.5 320.5 309 329 627 534.5 140 168.5 137 109 85.5 60 51 36.5 24 19 19.5 42.5 98 89.5 45.5 45 58.5 133 133.5 16 22.5 7.5 71.5 119 163.5 -9999 -9999 -9999 -9999 -9999 -9999 267.5 282 315 344 371.5 388.5 406.5
1000 1000 1000 1000 1000 1000 1000 -9999 1000 1000 -9999 -9999 -9999 -9999 -9999 -9999 -9999 -9999 -9999 -9999 -9999 -9999 -9999 -9999 -9999 -9999 -9999 1000 999.5 840.5 628.5 510.5 436.5 338 269 242.5 214.5 187 175 168 175.5 162.5 174.5 221.5 171.5 169.5 187 233.5 224 306 375 439.5 534 403.5 306 164 110.5 77 89 92.5 62 39 26 25 41 51.5 58.5 41.5 35.5 54.5 79.5 98.5 100.5 9 5 4.5 15 16.5 87.5 97 -9999 -9999 -9999 -9999 -9999 265.5 262.5 259 270.5 292 308.5 332 358
-9999 -9999 -9999 -9999 1000 1000 1000 1000 1000 -9999 -9999 -9999 -9999 -9999 -9999 -9999 -9999 -9999 -9999 -9999 -9999 -9999 -9999 -9999 -9999 -9999 -9999 -9999 999 1000 999 863 732 552.5 424.5 353 312 238.5 184 198 293.5 217.5 199 188.5 172.5 225 315.5 238.5 260 323 429.5 756 508 359.5 246 207.5 134 101 97.5 90 44.5 33 61.5 64.5 63 25 54 30 26.5 37.5 50 19 6 3 2.5 2.5 3.5 56 67.5 -9999 -9999 -9999 -9999 -9999 -9999 -9999 -9999 220 224.5 235 254.5 280 300.5
-9999 -9999 -9999 -9999 -9999 1000 1000 -9999 -9999 -9999 -9999 -9999 -9999 -9999 -9999 -9999 -9999 -9999 -9999 -9999 -9999 -9999 -9999 -9999 -9999 -9999 -9999 -9999 -9999 -9999 1000 1000 1000 1000 841.5 560 380.5 279 250.5 213.5 280 248 203 209 228.5 173.5 237 333.5 234.5 215 315.5 488.5 331 387 242.5 160.5 137 107.5 112.5 92 48.5 210.5 55 20 12.5 12 11.5 44 24.5 9 4.5 3 2.5 2 2 6 -9999 -9999 -9999 -9999 -9999 -9999 -9999 -9999 -9999 -9999 -9999 170.5 194 217 230 235.5 241.5
-9999 -9999 -9999 -9999 -9999 -9999 -9999 1000 -9999 -9999 -9999 -9999 -9999 -9999 -9999 -9999 -9999 -9999 -9999 -9999 -9999 -9999 -9999 -9999 -9999 -9999 -9999 -9999 -9999 -9999 -9999 -9999 1000 1000 1000 762.5 420.5 301 239 194.5 191.5 187.5 180 203.5 199.5 188 202 181 268.5 297.5 307.5 516.5 466 224.5 242 188.5 146 106.5 83 60.5 47 41 35.5 21 9 11 28 16.5 12.5 7.5 3 1 13 42 34.5 41 49 -9999 -9999 -9999 -9999 -9999 -9999 -9999 -9999 -9999 -9999 -9999 163.5 167.5 169.5 176.5 -9999
-9999 -9999 -9999 -9999 -9999 -9999 -9999 1000 -9999 -9999 -9999 -9999 -9999 -9999 -9999 -9999 -9999 -9999 -9999 -9999 -9999 -9999 -9999 -9999 -9999 -9999 -9999 -9999 -9999 -9999 -9999 -9999 1000 1000 1000 1000 784.5 407 285.5 229 196.5 175 157 138.5 123.5 218 580.5 216.5 142.5 149.5 166 223 177 171.5 110.5 76.5 68.5 59 53 44.5 38.5 40.5 33 22 14.5 10 15 8 2.5 1 1 1 20 20.5 15.5 26.5 29 -9999 -9999 -9999 -9999 -9999 -9999 -9999 -9999 -9999 -9999 -9999 -9999 -9999 101.5 -9999 -9999
-9999 -9999 -9999 -9999 -9999 -9999 -9999 -9999 -9999 -9999 -9999 -9999 -9999 -9999 -9999 -9999 -9999 -9999 -9999 -9999 -9999 -9999 -9999 -9999 -9999 -9999 -9999 -9999 -9999 -9999 -9999 -9999 1000 1000 1000 1000 1000 712.5 393 290.5 191.5 187 146.5 121 134 118.5 98 155.5 161 141 90.5 98.5 130.5 97.5 125 84.5 307.5 157 67 66 37 33 23 30 23 35.5 6 3.5 1 0 0 0 9.5 6 3 11.5 16.5 -9999 -9999 -9999 16.5 -9999 -9999 -9999 -9999 -9999 -9999 -9999 -9999 -9999 -9999 -9999 -9999
-9999 -9999 -9999 -9999 -9999 -9999 -9999 -9999 -9999 -9999 -9999 -9999 -9999 -9999 -9999 -9999 -9999 -9999 -9999 -9999 -9999 -9999 -9999 -9999 -9999 -9999 -9999 -9999 -9999 -9999 -9999 -9999 1000 1000 1000 1000 998.5 957 684.5 522 845.5 154 137.5 121.5 102 90.5 84.5 94.5 83.5 100 58 97.5 57.5 47 46.5 65 63 40 50 32.5 30.5 13 11.5 14 14 8 2.5 1.5 0.5 0 0 0 0 0 0.5 1.5 8.5 9.5 10 10.5 10.5 -9999 -9999 -9999 -9999 -9999 -9999 -9999 -9999 -9999 -9999 -9999 -9999
-9999 -9999 -9999 -9999 -9999 -9999 -9999 -9999 -9999 -9999 -9999 -9999 -9999 -9999 -9999 -9999 -9999 -9999 -9999 -9999 -9999 -9999 -9999 -9999 -9999 991.5 964 944.5 -9999 -9999 -9999 -9999 -9999 -9999 1000 1000 1000 974 742 541 372.5 310.5 217 115 77.5 60.5 72 68.5 35.5 55.5 39.5 31 30 18.5 42.5 31 18.5 32 15.5 35 12 9 8.5 5.5 4.5 4 2.5 1 0.5 0 0 0 0 0 1 2.5 4.5 5 6 6 6 6 6 5.5 6.5 -9999 -9999 -9999 -9999 -9999 -9999 -9999 -9999
-9999 -9999 -9999 -9999 -9999 -9999 -9999 -9999 -9999 -9999 -9999 -9999 -9999 -9999 -9999 -9999 -9999 -9999 -9999 -9999 -9999 -9999 -9999 995 968 930 881.5 -9999 -9999 -9999 -9999 -9999 -9999 -9999 -9999 999.5 1000 999.5 853 598.5 615.5 960 889.5 179 58.5 33 29.5 27 20 26.5 19 19.5 9 9.5 8 9 9.5 7.5 16.5 41 10.5 5 2.5 2 1.5 1 1 0.5 0 0 0 0 0 0 0 0 0 2.5 3 3.5 4 4 -9999 -9999 -9999 -9999 -9999 -9999 -9999 -9999 -9999 -9999 -9999
