AnalysisFolder/TestModelRun/R/GadusMacrocephalus2100.asc
NCOLS 360 
NROWS 90 
XLLCORNER -180 
YLLCORNER 0 
CELLSIZE 1 
NODATA_value -9999 
[rows 0 to 41 of 90, columns 0 to 92 of 360]
1.500000000000000 1.5 1.5 2 2 2 2 2 2 1.5 1.5 1.5 1.5 1.5 1.5 1.5 1.5 2 2 2 2 2 2 2 2 2 2 2 2 2 2 2 2 2 2 2 2.5 3 4 6 9.5 11 12 14.5 13 12 12.5 11 9.5 8.5 7.5 6.5 6 5 5 5 5 5 5.5 6 6.5 7 7 8 8.5 7.5 7 5 3 3 3 3 3 3 3 3 3 4 4 4 4 4 3.5 3 3 3 3 3 3 2.5 2 2 2
2.5 2.5 2.5 2 2 2 2.5 3 3 2.5 3 3 2.5 2 2 2 2 2 2 2 2 2 2 2 2 2 2 2 2 2 2 2 2 2.5 2 2 2.5 2 2 2 2.5 2.5 2.5 3 3 3 3.5 3 3 3 3 3 3 3 3.5 3.5 4 4 4 4 4 3 3 3 3 3 3 3 3 2.5 2.5 2 2 2.5 2.5 2 2.5 2.5 2.5 3 3.5 4 4 4.5 5 6 7 8 9.5 11 13 15.5 18.5
2.5 2.5 2.5 2.5 2.5 2.5 2.5 2.5 2.5 2.5 2.5 2.5 3 3 4 5 5 5 6 6 6 6 6 6 6 6 6 6 6.5 6.5 6 6 6 5 5 5 5 5 5 5 5 5 5 5 5 5 5 5 5 5 5 5 5 5 5 6 6 6 6 6 5 4 4 4 4 4 4 4 4.5 4 4 4 4 5 5 5 5.5 6 6.5 7 7 8.5 10.5 12 12 12 12.5 12.5 13 13.5 13.5 14 14
2.5 2.5 2.5 2.5 2.5 2.5 2.5 2.5 2.5 2.5 2.5 2.5 2.5 2.5 2.5 2.5 2.5 2.5 2.5 2.5 2.5 2.5 2.5 2.5 2.5 3 3 4 5 5.5 5 5 5 5 4 5 6 6.5 7 7.5 8 8 8 8 8 9 11 11.5 12 12 12 13.5 17 13.5 13 13.5 15.5 17.5 19.5 20 20 18 16 17.5 19 19 16 13.5 13.5 13 13 13.5 12.5 13.5 13.5 13.5 13.5 12.5 12 11 11 11 11.5 12 12 11.5 10.5 9 7.5 7.5 7.5 7 7
9 10.5 9.5 7 7 8 14.5 22.5 18.5 16.5 11.5 9 9.5 10 10.5 11.5 12.5 10.5 9 8.5 8 7.5 8 8.5 9.5 15.5 16 13 10.5 8.5 10.5 10.5 11 11 10.5 11 11.5 11.5 12 13 14 16 16.5 16 16 17.5 19 19.5 18.5 20 20.5 17 17 15 16 17.5 20 21 21 23 24.5 26.5 26 25 26 27 27 27 27 27 27 28 28 28 27.5 24.5 22.5 20 19 17 15.5 15.5 15.5 19 20 18 15.5 15.5 16 15.5 14 13 12.5
13.5 14 20 20.5 20 19 19 19.5 19 18 17.5 15 14 13 14 16 16 15 14 15 14 13.5 15.5 15.5 11.5 11.5 12.5 11.5 11 12.5 15.5 19 19 12.5 13 12.5 12.5 15 15 13 11 10.5 11 12.5 11 9 8 7.5 7.5 7.5 7.5 7 7.5 7.5 8.5 10.5 9.5 9.5 10.5 10.5 10.5 11.5 16 19.5 19 23.5 24 23.5 23 21 21 22 22.5 22.5 23.5 23 23 22.5 23 22.5 19.5 13.5 14 16 18.5 19 15.5 15 14 13.5 14.5 15.5 15.5
12 12.5 12.5 11 10 9.5 9 8.5 9 9 6.5 6.5 5.5 5 5.5 6.5 8 10 11 8 8.5 6.5 6.5 6.5 6.5 7 5.5 6 9 12.5 7 7 6 7 8 12.5 12.5 9 7 7 7 7 7 7 6 6 5 4 4 4 4 4 4 5 5 5 4 5 5 5 6 7 6 6 6 6 7.5 6 6 6 6 6.5 7 6.5 7.5 7 7.5 10 9.5 9 9.5 16 17.5 20 14.5 14 15.5 15.5 17 17 18.5 17.5 17.5
15 14 14 13 12 7 6 6 5 5 5 4.5 4 4 4 4 3.5 3 3 3 3 3 3 3 3 4 5 7 6 6 6.5 8 9 8.5 8.5 6.5 8 9 7 5 4 4 3.5 4 4 4 3 3 3 3 3 3 4 4.5 8 4 4 4 4 4 4 4 4 4 4 4 5 5 5 5 5 8 24.5 6.5 7.5 8.5 8.5 10 13.5 21 35 38.5 45.5 48 49 49 41.5 44.5 52.5 52.5 52.5 54 -9999
23 17.5 14 12 9.5 8.5 9.5 9 7.5 6.5 6 6 5.5 5.5 5 3.5 3 3 3 3 3 3 3 3 3 3 4 4 4 7.5 4 4 3.5 3.5 4 3.5 3.5 3 3 3 3 3 3 3 3 3 3 3 3 3 3 3 4 4 4 4 4.5 5 5 6 7 7 6.5 7 7 7 7.5 8 8.5 10.5 12 13.5 16 19.5 20.5 25 31.5 41 41.5 47.5 52.5 52 50 47.5 43 41.5 -9999 -9999 -9999 -9999 -9999 -9999 -9999
32 22.5 17 17.5 27 12.5 6.5 6.5 6.5 6.5 6 6 6 6 5.5 7.5 10.5 9.5 7.5 5 4 4.5 4 3.5 3 3 3 3 3.5 3.5 3.5 3.5 3.5 3.5 3.5 3 3 3 3 3 3 3 3 3 3.5 3.5 4 4 4 4 4 5.5 4 8 7 5 6 10 5 5 6 9 12.5 14.5 17 20 21 29.5 36 48.5 49.5 48 45.5 48 49.5 49.5 48.5 53.5 61 65 -9999 58.5 -9999 -9999 -9999 -9999 -9999 -9999 -9999 -9999 -9999 -9999 -9999
29.5 41.5 33.5 32.5 33.5 28.5 18 11 15.5 10.5 9.5 7.5 9.5 14.5 11.5 13 11 7.5 5.5 5.5 5.5 5.5 6.5 4 4 4 3.5 3.5 4 4 4 4 4 4 4 4 4 4 4 4 4 4 4 4 4 4 4 4 4 4 4.5 4.5 5 8 11 12 10 10 9 10 13.5 15.5 16.5 27.5 36.5 49.5 50 50 49.5 48 48.5 50 51.5 59.5 -9999 -9999 -9999 50 57 56 45.5 50.5 73.5 -9999 -9999 -9999 -9999 -9999 -9999 -9999 -9999 -9999 -9999
42 40 57 48.5 44 41.5 26.5 24 18 14.5 22.5 25.5 86 93.5 91.5 85 85.5 79 63.5 70.5 25.5 5.5 5.5 23 14 31.5 19.5 4 4.5 4 4 4 4 4 4 4 4 4 4 4.5 4.5 4.5 4.5 4.5 4.5 4 4.5 5 5 5.5 6 6.5 7.5 9.5 11 15.5 22 25 44.5 52 65.5 73.5 61.5 68 68.5 70 157.5 979.5 -9999 -9999 -9999 -9999 59 55.5 -9999 -9999 -9999 -9999 -9999 -9999 -9999 -9999 -9999 -9999 -9999 -9999 -9999 -9999 -9999 -9999 -9999 -9999 -9999
51 51 81.5 65 50 34.5 33.5 27.5 26.5 27 36 99 117.5 107.5 92 145.5 137 32.5 50 56 53 82.5 40 66.5 61.5 75 28.5 4.5 4.5 4.5 4.5 4.5 4.5 4.5 4.5 4.5 4.5 4.5 4.5 4.5 4.5 4.5 4.5 5.5 5.5 5.5 5.5 5.5 5.5 6.5 7.5 10.5 14 22 34 61.5 72 83.5 82.5 87 -9999 -9999 -9999 -9999 -9999 -9999 -9999 -9999 -9999 -9999 -9999 69.5 68.5 83 -9999 96 82 -9999 -9999 -9999 -9999 110 964 -9999 -9999 -9999 -9999 88 107.5 -9999 -9999 -9999 -9999
91 115.5 94 55.5 40.5 35.5 33.5 33 33 33 34.5 52 97.5 137.5 105 147.5 118 53.5 74.5 75 40 131.5 55 106.5 88.5 13.5 6.5 6 6 6 5.5 5.5 5.5 5.5 5.5 5.5 5.5 5.5 5.5 5.5 5.5 5.5 5.5 5.5 5.5 6.5 7.5 7.5 10 13.5 17 21.5 34.5 63 103 109.5 131.5 -9999 -9999 -9999 -9999 -9999 -9999 -9999 -9999 -9999 -9999 102.5 102.5 1000 -9999 -9999 -9999 89 95 -9999 -9999 -9999 -9999 -9999 -9999 -9999 -9999 -9999 -9999 -9999 -9999 -9999 -9999 -9999 -9999 -9999 -9999
125.5 125 114 97 80 90 95 103 106.5 122 217.5 265 267 242.5 201.5 144.5 62 55.5 51.5 55 99 107 98 97 8.5 8.5 8 8 7.5 7 7 7 7 6.5 6.5 6.5 6.5 6.5 6.5 6.5 6.5 6.5 6.5 7 7.5 8 8 12 21.5 27.5 59 114 119 122.5 126.5 132.5 138.5 -9999 147.5 -9999 156 -9999 -9999 -9999 -9999 -9999 -9999 -9999 -9999 -9999 -9999 -9999 -9999 -9999 -9999 -9999 -9999 -9999 -9999 -9999 -9999 -9999 -9999 -9999 -9999 -9999 -9999 -9999 -9999 -9999 -9999 -9999 -9999
306.5 301 297 296.5 295 294 296 297 303.5 322 334 339 315 320.5 315.5 314 221.5 134 110.5 158.5 238 204.5 12 12 11 10.5 10.5 9.5 9.5 9.5 9.5 9 9 9 9 9 9 8.5 8.5 9 9.5 9.5 10 11 11.5 11.5 13.5 15.5 20.5 52.5 136 167.5 173 185 223.5 -9999 -9999 -9999 -9999 -9999 -9999 -9999 -9999 163.5 165.5 -9999 -9999 -9999 -9999 -9999 179.5 182.5 180.5 179.5 182.5 195 206.5 213.5 221.5 218.5 210 228.5 256 213 -9999 -9999 -9999 965.5 -9999 -9999 -9999 -9999 -9999
368 372.5 378.5 378 371.5 381 388 398.5 407 418 432 444 456 484 499 507 510 516 478.5 150 88.5 62.5 43 20 15.5 14.5 14 13.5 13.5 13 13 13 13 13 13 13 13 13.5 14.5 13.5 16 17 18.5 18.5 21 22.5 26 28 31.5 46.5 145 251 310 374.5 446 -9999 -9999 -9999 -9999 -9999 -9999 -9999 -9999 -9999 -9999 -9999 228 220.5 208 218 227 225.5 -9999 -9999 -9999 -9999 232 270.5 956 -9999 -9999 -9999 -9999 -9999 -9999 -9999 -9999 -9999 -9999 -9999 200.5 -9999 -9999
459 460.5 461.5 462.5 461.5 476 488.5 497 511 522.5 537 555.5 575 592.5 609.5 627.5 646.5 664.5 673.5 683.5 688 683 593.5 295.5 136 82.5 39 26.5 21.5 19 18.5 19 19.5 22 23.5 25.5 24 26.5 29.5 30 35 43 49 50 54.5 61.5 75 94 117 179.5 309.5 398 515.5 577 -9999 -9999 -9999 -9999 -9999 -9999 -9999 -9999 -9999 -9999 -9999 -9999 -9999 -9999 -9999 -9999 -9999 -9999 -9999 -9999 -9999 -9999 662.5 -9999 -9999 -9999 -9999 -9999 -9999 -9999 -9999 -9999 -9999 -9999 252.5 -9999 -9999 -9999 -9999
-9999 -9999 593 590 588 587 610 627 644 662 686.5 713 738 764.5 785.5 799 806 803 806.5 821 846 847.5 986.5 -9999 750 696 647 591.5 293.5 162.5 108.5 94.5 68 52.5 41 48 51.5 47.5 59 79.5 91.5 109.5 125 151.5 156.5 215 319 365.5 450.5 605 607 587 552 523.5 -9999 -9999 -9999 -9999 -9999 -9999 -9999 -9999 -9999 -9999 -9999 -9999 -9999 -9999 -9999 -9999 -9999 -9999 -9999 -9999 -9999 -9999 -9999 483 493.5 523.5 -9999 -9999 -9999 -9999 -9999 -9999 -9999 322 311.5 355 -9999 -9999 -9999
-9999 629 653 671.5 693 719.5 748.5 775.5 803 831 858.5 878 894 908.5 920 929 936.5 -9999 -9999 -9999 -9999 -9999 -9999 -9999 -9999 -9999 -9999 -9999 -9999 -9999 -9999 -9999 -9999 -9999 1000 983 821.5 804.5 700 658.5 559 579 542 736 811 815 820.5 827 829.5 828 -9999 -9999 -9999 1000 665 625.5 537.5 507 498 533 544 554.5 -9999 -9999 -9999 -9999 -9999 -9999 -9999 -9999 -9999 -9999 -9999 -9999 -9999 -9999 -9999 -9999 -9999 649.5 597 592 619.5 -9999 -9999 -9999 -9999 -9999 -9999 403.5 -9999 -9999 -9999
645.5 671 700.5 741.5 787.5 830.5 862 888 912.5 934 950.5 966 974 979 983 980.5 -9999 -9999 -9999 -9999 -9999 -9999 -9999 -9999 -9999 -9999 -9999 -9999 -9999 -9999 -9999 -9999 -9999 -9999 -9999 -9999 -9999 -9999 -9999 -9999 -9999 -9999 931 929.5 -9999 -9999 -9999 -9999 -9999 -9999 -9999 -9999 -9999 -9999 -9999 -9999 -9999 -9999 -9999 -9999 -9999 -9999 609 -9999 -9999 -9999 -9999 -9999 -9999 -9999 -9999 -9999 -9999 -9999 -9999 -9999 -9999 -9999 -9999 848.5 -9999 -9999 -9999 -9999 -9999 -9999 -9999 -9999 -9999 -9999 -9999 464 425
-9999 -9999 -9999 793 835.5 871.5 904 934.5 959.5 975 984 989.5 993.5 -9999 -9999 -9999 -9999 -9999 -9999 -9999 -9999 -9999 -9999 -9999 -9999 -9999 -9999 -9999 -9999 -9999 -9999 -9999 -9999 -9999 -9999 -9999 -9999 -9999 -9999 -9999 -9999 -9999 -9999 -9999 -9999 -9999 -9999 -9999 -9999 -9999 -9999 -9999 -9999 -9999 -9999 -9999 -9999 -9999 -9999 -9999 -9999 -9999 -9999 -9999 -9999 -9999 -9999 -9999 -9999 -9999 -9999 -9999 -9999 -9999 -9999 -9999 -9999 -9999 914 -9999 -9999 -9999 -9999 -9999 -9999 -9999 -9999 -9999 -9999 -9999 -9999 -9999 480.5
-9999 -9999 -9999 -9999 -9999 -9999 -9999 941.5 967 983.5 993 996.5 997.5 997 -9999 -9999 -9999 -9999 -9999 -9999 -9999 -9999 -9999 -9999 -9999 -9999 -9999 -9999 -9999 -9999 -9999 -9999 -9999 -9999 -9999 -9999 -9999 -9999 -9999 -9999 -9999 -9999 -9999 -9999 -9999 -9999 -9999 -9999 -9999 -9999 -9999 -9999 -9999 -9999 -9999 -9999 -9999 -9999 -9999 -9999 -9999 -9999 -9999 -9999 -9999 -9999 -9999 -9999 -9999 -9999 -9999 -9999 -9999 -9999 -9999 -9999 -9999 -9999 -9999 -9999 -9999 -9999 -9999 -9999 -9999 -9999 -9999 -9999 -9999 -9999 -9999 -9999 -9999
-9999 -9999 -9999 -9999 -9999 -9999 -9999 -9999 -9999 -9999 1000 1000 1000 -9999 -9999 -9999 -9999 -9999 -9999 -9999 -9999 -9999 -9999 -9999 -9999 -9999 -9999 -9999 -9999 -9999 -9999 -9999 -9999 -9999 -9999 -9999 -9999 -9999 -9999 -9999 -9999 -9999 -9999 -9999 -9999 -9999 -9999 -9999 -9999 -9999 -9999 -9999 -9999 -9999 -9999 -9999 -9999 -9999 -9999 -9999 -9999 -9999 -9999 -9999 -9999 -9999 -9999 -9999 -9999 -9999 -9999 -9999 -9999 -9999 -9999 -9999 -9999 -9999 -9999 -9999 -9999 -9999 -9999 -9999 -9999 -9999 -9999 -9999 -9999 -9999 -9999 -9999 -9999
-9999 -9999 -9999 -9999 -9999 -9999 -9999 -9999 -9999 -9999 1000 1000 -9999 -9999 -9999 -9999 -9999 -9999 -9999 -9999 -9999 -9999 -9999 -9999 -9999 -9999 -9999 -9999 -9999 -9999 -9999 -9999 -9999 -9999 -9999 -9999 -9999 -9999 -9999 -9999 -9999 -9999 -9999 -9999 -9999 -9999 -9999 -9999 -9999 -9999 -9999 -9999 -9999 -9999 -9999 -9999 -9999 -9999 -9999 -9999 -9999 -9999 -9999 -9999 -9999 -9999 -9999 -9999 -9999 -9999 -9999 -9999 -9999 -9999 -9999 -9999 -9999 -9999 -9999 -9999 -9999 -9999 -9999 -9999 -9999 -9999 -9999 -9999 -9999 -9999 -9999 -9999 -9999
1000 1000 1000 1000 -9999 -9999 -9999 -9999 1000 1000 1000 1000 1000 -9999 -9999 -9999 -9999 -9999 -9999 -9999 -9999 -9999 -9999 -9999 -9999 -9999 -9999 -9999 -9999 -9999 -9999 -9999 -9999 -9999 -9999 -9999 -9999 -9999 -9999 -9999 -9999 -9999 -9999 -9999 -9999 -9999 -9999 -9999 -9999 -9999 -9999 -9999 -9999 -9999 -9999 -9999 -9999 -9999 -9999 -9999 -9999 -9999 -9999 -9999 -9999 -9999 -9999 -9999 -9999 -9999 -9999 -9999 -9999 -9999 -9999 -9999 -9999 -9999 -9999 -9999 -9999 -9999 -9999 -9999 -9999 -9999 -9999 -9999 -9999 -9999 -9999 -9999 -9999
1000 1000 1000 1000 1000 1000 1000 1000 -9999 -9999 -9999 1000 1000 1000 1000 -9999 1000 -9999 -9999 -9999 -9999 -9999 -9999 -9999 -9999 -9999 -9999 -9999 -9999 -9999 -9999 -9999 -9999 -9999 -9999 -9999 -9999 -9999 -9999 -9999 -9999 -9999 -9999 -9999 -9999 -9999 -9999 -9999 -9999 -9999 -9999 -9999 -9999 -9999 -9999 -9999 -9999 -9999 -9999 -9999 -9999 -9999 -9999 -9999 -9999 -9999 -9999 -9999 -9999 -9999 -9999 -9999 -9999 -9999 -9999 -9999 -9999 -9999 -9999 -9999 -9999 -9999 -9999 -9999 -9999 -9999 -9999 -9999 -9999 -9999 1000 1000 1000
1000 1000 1000 1000 1000 1000 1000 1000 1000 1000 1000 1000 1000 1000 -9999 -9999 -9999 -9999 -9999 -9999 -9999 -9999 -9999 -9999 -9999 -9999 -9999 -9999 -9999 -9999 -9999 -9999 -9999 -9999 -9999 -9999 -9999 -9999 -9999 -9999 -9999 -9999 -9999 -9999 -9999 -9999 -9999 -9999 -9999 -9999 -9999 -9999 -9999 -9999 -9999 -9999 -9999 -9999 -9999 -9999 -9999 -9999 -9999 -9999 -9999 -9999 -9999 -9999 -9999 -9999 -9999 -9999 -9999 -9999 -9999 -9999 -9999 -9999 -9999 -9999 -9999 -9999 -9999 -9999 -9999 -9999 -9999 -9999 -9999 1000 1000 1000 1000
1000 1000 1000 1000 1000 1000 1000 1000 1000 1000 1000 1000 1000 1000 -9999 -9999 -9999 -9999 -9999 -9999 -9999 -9999 -9999 -9999 -9999 -9999 -9999 -9999 -9999 -9999 -9999 -9999 -9999 -9999 -9999 -9999 -9999 -9999 -9999 -9999 -9999 -9999 -9999 -9999 -9999 -9999 -9999 -9999 -9999 -9999 -9999 -9999 -9999 -9999 -9999 -9999 -9999 -9999 -9999 -9999 -9999 -9999 -9999 -9999 -9999 -9999 -9999 -9999 -9999 -9999 -9999 -9999 -9999 -9999 -9999 -9999 -9999 -9999 -9999 -9999 -9999 -9999 -9999 -9999 -9999 -9999 -9999 -9999 1000 1000 1000 1000 1000
999 1000 1000 1000 1000 1000 1000 1000 1000 1000 1000 1000 1000 -9999 -9999 -9999 -9999 -9999 -9999 -9999 -9999 -9999 -9999 -9999 -9999 -9999 -9999 -9999 -9999 -9999 -9999 -9999 -9999 -9999 -9999 -9999 -9999 -9999 -9999 -9999 -9999 -9999 -9999 -9999 -9999 -9999 -9999 -9999 -9999 -9999 -9999 -9999 -9999 -9999 -9999 -9999 -9999 -9999 -9999 -9999 -9999 -9999 -9999 -9999 -9999 -9999 -9999 -9999 -9999 -9999 -9999 -9999 -9999 -9999 -9999 -9999 -9999 -9999 -9999 -9999 -9999 -9999 -9999 -9999 -9999 -9999 1000 1000 1000 1000 1000 1000 1000
452 998.5 1000 1000 1000 1000 1000 1000 1000 1000 1000 1000 1000 -9999 1000 -9999 -9999 -9999 -9999 -9999 -9999 -9999 -9999 -9999 -9999 -9999 -9999 -9999 -9999 -9999 -9999 -9999 995 993.5 979 707.5 -9999 729.5 -9999 -9999 -9999 -9999 -9999 -9999 -9999 -9999 -9999 -9999 -9999 -9999 -9999 -9999 -9999 -9999 -9999 -9999 -9999 -9999 -9999 -9999 -9999 -9999 -9999 -9999 -9999 -9999 -9999 -9999 -9999 -9999 -9999 -9999 -9999 -9999 -9999 -9999 -9999 -9999 -9999 -9999 -9999 -9999 -9999 -9999 -9999 -9999 1000 1000 1000 1000 1000 1000 1000
305 361.5 616.5 991 1000 1000 1000 1000 1000 1000 1000 1000 1000 1000 1000 1000 1000 -9999 -9999 -9999 -9999 -9999 -9999 -9999 -9999 -9999 -9999 -9999 999 999 997 985 315 31.5 35 52 60.5 76 58.5 84.5 906 -9999 -9999 -9999 -9999 -9999 -9999 -9999 -9999 -9999 -9999 -9999 -9999 -9999 -9999 -9999 -9999 -9999 -9999 -9999 -9999 -9999 -9999 -9999 -9999 -9999 -9999 -9999 -9999 -9999 -9999 -9999 -9999 -9999 -9999 -9999 -9999 -9999 -9999 -9999 -9999 -9999 -9999 -9999 -9999 -9999 -9999 -9999 1000 1000 1000 1000 1000
250 237.5 284.5 367 553.5 446 1000 1000 1000 1000 1000 1000 1000 1000 1000 1000 1000 1000 1000 1000 1000 -9999 -9999 -9999 -9999 -9999 -9999 -9999 997 995 539.5 124 22 31.5 49 49.5 40.5 38.5 40.5 49 48.5 64.5 166.5 -9999 -9999 -9999 -9999 -9999 -9999 -9999 -9999 -9999 -9999 -9999 -9999 -9999 -9999 -9999 -9999 -9999 -9999 -9999 -9999 -9999 -9999 -9999 -9999 -9999 -9999 -9999 -9999 -9999 -9999 -9999 -9999 -9999 -9999 -9999 -9999 -9999 -9999 -9999 -9999 -9999 -9999 -9999 -9999 -9999 -9999 -9999 1000 1000 1000
227.5 230 235 243 253.5 334.5 441 985 1000 1000 1000 1000 1000 1000 1000 1000 1000 1000 1000 -9999 -9999 -9999 -9999 995.5 997.5 -9999 996.5 991 310.5 22 31.5 47.5 50.5 470.5 37 38.5 36.5 33 33 30.5 36.5 41 73 137 -9999 -9999 -9999 -9999 -9999 -9999 -9999 -9999 -9999 -9999 -9999 -9999 -9999 -9999 -9999 -9999 -9999 -9999 -9999 -9999 -9999 -9999 -9999 -9999 -9999 -9999 -9999 -9999 -9999 -9999 -9999 -9999 -9999 -9999 -9999 -9999 -9999 -9999 -9999 -9999 -9999 -9999 -9999 -9999 -9999 -9999 -9999 -9999 -9999
213.5 209 211.5 211 216.5 238.5 256.5 259.5 286.5 321.5 613.5 968 1000 1000 1000 -9999 1000 -9999 -9999 -9999 -9999 996.5 996.5 994.5 929 912 54 24 38.5 42.5 50 35 33.5 32 32.5 28 28 25 27.5 28 29 36 48.5 49 64 650 -9999 -9999 -9999 -9999 -9999 -9999 -9999 -9999 -9999 -9999 -9999 -9999 -9999 -9999 -9999 -9999 -9999 -9999 -9999 -9999 -9999 -9999 -9999 -9999 -9999 -9999 -9999 -9999 -9999 -9999 -9999 -9999 -9999 -9999 -9999 -9999 -9999 -9999 -9999 -9999 -9999 -9999 -9999 -9999 -9999 -9999 -9999
193.5 191.5 189.5 191 196.5 200 200.5 204.5 242 697.5 425.5 874 988.5 996 -9999 -9999 -9999 999 998.5 997 995.5 778 322.5 48.5 15.5 34 57 52 47.5 561 83 62.5 29 28.5 25 25 21.5 21 20 24.5 25 28 30 33.5 35 99.5 598.5 -9999 704 -9999 -9999 -9999 -9999 -9999 -9999 -9999 -9999 -9999 -9999 -9999 -9999 -9999 -9999 -9999 -9999 -9999 -9999 -9999 -9999 -9999 -9999 -9999 -9999 -9999 -9999 -9999 -9999 -9999 -9999 -9999 -9999 -9999 -9999 -9999 -9999 -9999 -9999 -9999 -9999 -9999 -9999 -9999 -9999
789.5 169 163 166 171.5 174.5 190.5 244 406.5 508 601 -9999 -9999 -9999 -9999 492 302 60.5 11.5 6.5 21.5 31 36 35 39 37.5 28.5 39 25.5 24 25.5 22 28.5 22.5 22.5 28.5 19 16.5 14.5 15.5 14 16 14.5 23 19 27 62.5 -9999 -9999 -9999 -9999 -9999 -9999 -9999 -9999 -9999 -9999 -9999 -9999 -9999 -9999 -9999 -9999 -9999 -9999 -9999 -9999 -9999 -9999 -9999 -9999 -9999 -9999 -9999 -9999 -9999 -9999 -9999 -9999 -9999 -9999 -9999 -9999 -9999 -9999 -9999 -9999 -9999 -9999 -9999 -9999 -9999 -9999
965 189 176 193.5 237.5 741.5 992.5 996 990 995.5 -9999 -9999 165.5 57.5 9 12.5 27.5 36.5 41 40 32.5 30.5 29 30.5 29 25.5 23.5 22 53 21 22.5 23 11 8 13 15.5 13.5 11.5 11 11 9 9.5 9 8.5 8.5 16 32 18.5 547 466 474.5 -9999 -9999 -9999 -9999 -9999 -9999 -9999 -9999 -9999 -9999 -9999 -9999 -9999 -9999 -9999 -9999 -9999 -9999 -9999 -9999 -9999 -9999 -9999 -9999 -9999 -9999 -9999 -9999 -9999 -9999 -9999 -9999 -9999 -9999 -9999 -9999 -9999 -9999 -9999 -9999 -9999 -9999
918 996.5 776.5 908 137 61.5 58 103.5 80 39 9 6.5 32 31.5 34 35.5 29 31.5 30 31.5 22.5 20.5 18.5 17 17.5 16 17.5 12 11 9.5 7.5 10 11 8 8.5 8 11 10 10 9 8 6 6 5 6 7 9 14 26 92 329 -9999 -9999 -9999 -9999 -9999 -9999 -9999 -9999 -9999 -9999 -9999 -9999 -9999 -9999 -9999 -9999 -9999 -9999 -9999 -9999 -9999 -9999 -9999 -9999 -9999 -9999 -9999 -9999 -9999 -9999 -9999 -9999 -9999 -9999 -9999 -9999 -9999 -9999 -9999 -9999 -9999 -9999
14 11 9 4.5 4.5 8.5 15.5 18 22 23.5 27 38 21.5 22 22.5 25 21 19.5 16.5 17 14 18 11.5 11 13.5 9.5 8.5 7.5 6.5 6 8 6.5 6.5 5.5 6 6 7 7 42.5 4.5 4 4 4.5 3 3 4 5 6 8.5 31.5 33 -9999 -9999 -9999 -9999 -9999 -9999 -9999 -9999 -9999 -9999 -9999 -9999 -9999 -9999 -9999 -9999 -9999 -9999 -9999 -9999 -9999 -9999 -9999 -9999 -9999 -9999 -9999 -9999 -9999 -9999 -9999 -9999 -9999 -9999 -9999 -9999 -9999 -9999 -9999 -9999 -9999 -9999
28 38 17.5 38.5 28.5 19 28 30.5 18.5 18.5 14 14 12.5 12 15.5 16 14 11.5 10.5 9.5 9 9 7.5 6 6.5 6.5 5.5 4.5 4.5 4.5 4.5 3.5 3.5 4 4 4 3 4 3 3 2.5 2 2 2 2 2 2 3 5 9 13 16 -9999 -9999 -9999 -9999 -9999 -9999 -9999 -9999 -9999 -9999 -9999 -9999 -9999 -9999 -9999 -9999 -9999 -9999 -9999 -9999 -9999 -9999 -9999 -9999 -9999 -9999 -9999 -9999 -9999 -9999 -9999 -9999 -9999 -9999 -9999 -9999 -9999 -9999 -9999 -9999 -9999
14 19 14.5 17.5 11 13 12.5 13.5 14 8.5 11 8 8 8.5 9.5 8 7 7 6 7.5 6.5 18 4.5 3.5 6 3.5 3.5 2.5 2.5 3 2.5 3 2 2 2 2.5 2 1.5 1.5 1.5 1.5 1.5 1 1 1 1 1 2.5 3 3.5 12 8 7 28.5 86 -9999 -9999 -9999 -9999 -9999 -9999 -9999 -9999 -9999 -9999 -9999 -9999 -9999 -9999 -9999 -9999 -9999 -9999 -9999 -9999 -9999 -9999 -9999 -9999 -9999 -9999 -9999 -9999 -9999 -9999 -9999 -9999 -9999 -9999 -9999 -9999 -9999 -9999
