AnalysisFolder/EnvironmentalData/Future/rcp8_5/2055/etopo.asc
NCOLS 360 
NROWS 90 
XLLCORNER -180 
YLLCORNER 0 
CELLSIZE 1 
NODATA_value -3.4e+38 
[rows 31 to 61 of 90, columns 0 to 68 of 360]
-3598 -3400 -2644 -1106 -102 -165 -187 -45 -104 -124 -85 -77 -49 -47 -40 -37 -31 -30 -3.4e+38 -3.4e+38 -3.4e+38 -3.4e+38 -3.4e+38 -3.4e+38 -3.4e+38 -3.4e+38 -3.4e+38 -3.4e+38 -170 -76 -140 -299 -2404 -4563 -4285 -3832 -3580 -3288 -3554 -3164 -223 -101 -3.4e+38 -3.4e+38 -3.4e+38 -3.4e+38 -3.4e+38 -3.4e+38 -3.4e+38 -3.4e+38 -3.4e+38 -3.4e+38 -3.4e+38 -3.4e+38 -3.4e+38 -3.4e+38 -3.4e+38 -3.4e+38 -3.4e+38 -3.4e+38 -3.4e+38 -3.4e+38 -3.4e+38 -3.4e+38 -3.4e+38 -3.4e+38 -3.4e+38 -3.4e+38 -3.4e+38
-3754 -3808 -3602 -3299 -2707 -3050 -275 -101 -98 -69 -71 -92 -71 -71 -61 -78 -54 -48 -44 -43 -55 -3.4e+38 -3.4e+38 -3.4e+38 -3.4e+38 -3.4e+38 -3.4e+38 -3.4e+38 -160 -140 -1869 -3390 -4906 -4352 -3851 -3703 -3777 -3719 -3574 -3311 -3285 -2997 -2159 -3.4e+38 -3.4e+38 -3.4e+38 -3.4e+38 -3.4e+38 -3.4e+38 -3.4e+38 -3.4e+38 -3.4e+38 -3.4e+38 -3.4e+38 -3.4e+38 -3.4e+38 -3.4e+38 -3.4e+38 -3.4e+38 -3.4e+38 -3.4e+38 -3.4e+38 -3.4e+38 -3.4e+38 -3.4e+38 -3.4e+38 -3.4e+38 -3.4e+38 -3.4e+38
-3795 -3768 -3734 -3687 -3624 -3285 -2927 -974 -163 -118 -96 -109 -91 -94 -91 -76 -81 -74 -69 -3.4e+38 -3.4e+38 -3.4e+38 -3.4e+38 -204 -63 -3.4e+38 -96 -290 -2635 -5257 -4721 -4129 -3956 -1601 -4023 -3867 -3790 -3731 -3622 -3576 -3317 -3172 -2666 -2102 -3.4e+38 -3.4e+38 -3.4e+38 -3.4e+38 -3.4e+38 -3.4e+38 -3.4e+38 -3.4e+38 -3.4e+38 -3.4e+38 -3.4e+38 -3.4e+38 -3.4e+38 -3.4e+38 -3.4e+38 -3.4e+38 -3.4e+38 -3.4e+38 -3.4e+38 -3.4e+38 -3.4e+38 -3.4e+38 -3.4e+38 -3.4e+38 -3.4e+38
-3798 -3799 -3764 -3743 -3695 -3566 -3469 -3440 -3315 -3171 -2238 -1030 -140 -130 -114 -100 -72 -3.4e+38 -3.4e+38 -3.4e+38 -3.4e+38 -190 -122 -171 -860 -916 -4461 -5230 -4642 -4396 -4067 -4285 -4210 -4153 -4030 -4066 -3892 -3862 -3620 -3482 -3353 -3093 -2812 -2791 -2577 -195 -3.4e+38 -3.4e+38 -3.4e+38 -3.4e+38 -3.4e+38 -3.4e+38 -3.4e+38 -3.4e+38 -3.4e+38 -3.4e+38 -3.4e+38 -3.4e+38 -3.4e+38 -3.4e+38 -3.4e+38 -3.4e+38 -3.4e+38 -3.4e+38 -3.4e+38 -3.4e+38 -3.4e+38 -3.4e+38 -3.4e+38
-3821 -3803 -3788 -3753 -3698 -3655 -3632 -3594 -3387 -1958 -2660 -1381 -683 -495 -93 -3.4e+38 -3.4e+38 -153 -75 -125 -147 -1391 -2622 -4579 -5666 -4803 -4206 -4205 -4182 -1496 -3434 -3604 -4194 -4117 -4116 -3949 -3943 -3806 -3713 -3395 -3273 -3100 -3001 -2898 -2868 -2048 -271 -3.4e+38 -177 -3.4e+38 -3.4e+38 -3.4e+38 -3.4e+38 -3.4e+38 -3.4e+38 -3.4e+38 -3.4e+38 -3.4e+38 -3.4e+38 -3.4e+38 -3.4e+38 -3.4e+38 -3.4e+38 -3.4e+38 -3.4e+38 -3.4e+38 -3.4e+38 -3.4e+38 -3.4e+38
-1780 -3828 -3839 -3794 -3730 -3685 -3573 -3284 -2634 -2329 -2136 -3.4e+38 -80 -3.4e+38 -1168 -2332 -2898 -4567 -6211 -6651 -5385 -4938 -4710 -4676 -4493 -4460 -4646 -4212 -4516 -4457 -4311 -4335 -3994 -4091 -3947 -3530 -3814 -3769 -3788 -3611 -3574 -3378 -3381 -2957 -3117 -2854 -2250 -3.4e+38 -3.4e+38 -3.4e+38 -3.4e+38 -3.4e+38 -3.4e+38 -3.4e+38 -3.4e+38 -3.4e+38 -3.4e+38 -3.4e+38 -3.4e+38 -3.4e+38 -3.4e+38 -3.4e+38 -3.4e+38 -3.4e+38 -3.4e+38 -3.4e+38 -3.4e+38 -3.4e+38 -3.4e+38
-935 -3573 -3623 -3505 -3254 -1708 -420 -361 -507 -320 -560 -3196 -3618 -4671 -6566 -6095 -5198 -4825 -4645 -4581 -4701 -4684 -4652 -4539 -4492 -4536 -4513 -4470 -3582 -4359 -4208 -4058 -4600 -4793 -4210 -3858 -3847 -3849 -3756 -3674 -3709 -3556 -3549 -3528 -3489 -2962 -2436 -2942 249 -165 -46 -3.4e+38 -3.4e+38 -3.4e+38 -3.4e+38 -3.4e+38 -3.4e+38 -3.4e+38 -3.4e+38 -3.4e+38 -3.4e+38 -3.4e+38 -3.4e+38 -3.4e+38 -3.4e+38 -3.4e+38 -3.4e+38 -3.4e+38 -3.4e+38
-1092 -250 -1518 -1060 -3705 -4520 -4564 -3950 -4206 -4933 -6454 -6724 -5065 -5015 -4855 -4748 -4855 -4705 -4670 -4557 -4815 -4829 -4845 -4801 -4685 -4693 -4542 -4771 -4761 -4761 -4916 -4543 -4334 -4472 -4314 -4145 -3748 -3740 -3621 -3600 -3494 -3650 -3614 -3629 -3520 -3279 -3105 -2789 -2351 -1420 -112 -198 -3.4e+38 -3.4e+38 -3.4e+38 -3.4e+38 -3.4e+38 -3.4e+38 -3.4e+38 -3.4e+38 -3.4e+38 -3.4e+38 -3.4e+38 -3.4e+38 -3.4e+38 -3.4e+38 -3.4e+38 -3.4e+38 -3.4e+38
-5995 -6196 -6359 -7126 -7101 -6355 -5711 -5515 -5277 -5194 -5020 -4634 -5161 -5063 -4974 -4793 -4895 -4893 -4968 -4859 -4937 -4618 -4957 -4931 -4645 -4867 -4855 -4940 -4904 -4911 -4568 -4596 -4529 -4529 -4274 -4149 -3857 -3754 -2058 -3860 -3825 -3773 -3491 -3727 -3648 -3394 -3295 -3111 -2909 -1947 -1999 -180 -3.4e+38 -3.4e+38 -3.4e+38 -3.4e+38 -3.4e+38 -3.4e+38 -3.4e+38 -3.4e+38 -3.4e+38 -3.4e+38 -3.4e+38 -3.4e+38 -3.4e+38 -3.4e+38 -3.4e+38 -3.4e+38 -3.4e+38
-5052 -4700 -5449 -4625 -4898 -5302 -4856 -4735 -5194 -5149 -5378 -5329 -5344 -5318 -4973 -4888 -4905 -5031 -5037 -5056 -5043 -4970 -5054 -5139 -4974 -4930 -4981 -4991 -5041 -4813 -4648 -4856 -4676 -4459 -4305 -4180 -4170 -3874 -4058 -3912 -3970 -3955 -3897 -3849 -3850 -3760 -3481 -3432 -2966 -2604 -2460 -2307 -1240 -3.4e+38 -3.4e+38 -3.4e+38 -3.4e+38 -3.4e+38 -3.4e+38 -3.4e+38 -3.4e+38 -3.4e+38 -3.4e+38 -3.4e+38 -3.4e+38 -3.4e+38 -3.4e+38 -3.4e+38 -3.4e+38
-5532 -5172 -5400 -5141 -5604 -5381 -5347 -5213 -5118 -5519 -5215 -5515 -5391 -5221 -5090 -5138 -5213 -5120 -5207 -4944 -4992 -3906 -5202 -5201 -4746 -5042 -5043 -5141 -5137 -4866 -4829 -4668 -4750 -4674 -4630 -4184 -4388 -4442 -4290 -4182 -3951 -3852 -4108 -3840 -4133 -3885 -3779 -3092 -3060 -2880 -2057 -2466 -2592 -1365 -94 -3.4e+38 -3.4e+38 -3.4e+38 -3.4e+38 -3.4e+38 -3.4e+38 -3.4e+38 -3.4e+38 -3.4e+38 -3.4e+38 -3.4e+38 -3.4e+38 -3.4e+38 -3.4e+38
-5517 -5664 -5660 -5792 -5474 -5487 -5519 -5277 -5574 -5436 -5282 -5505 -5323 -5328 -5295 -5095 -4988 -5140 -4856 -5035 -5001 -4993 -5018 -5094 -5147 -5142 -5223 -5237 -4784 -5425 -5006 -5001 -4873 -4817 -4827 -4830 -4277 -4452 -4398 -4290 -4261 -4136 -4094 -4128 -3069 -3956 -3697 -3125 -2279 -2855 -2770 -2701 -2645 -2379 -1370 -3.4e+38 -3.4e+38 -3.4e+38 -3.4e+38 -3.4e+38 -3.4e+38 -3.4e+38 -3.4e+38 -3.4e+38 -3.4e+38 -3.4e+38 -3.4e+38 -3.4e+38 -3.4e+38
-5332 -5691 -5564 -5600 -5774 -5837 -5460 -5237 -5625 -5584 -5600 -5584 -5494 -5175 -5253 -5182 -5073 -5070 -5020 -4939 -5148 -5092 -5169 -5136 -5297 -5192 -5196 -5301 -4642 -5150 -5054 -4974 -4914 -4819 -4743 -4705 -4603 -4480 -4452 -4372 -4297 -4261 -4238 -4211 -4107 -4020 -3756 -3458 -2710 -2739 -2674 -2707 -2754 -2728 -2073 -170 -3.4e+38 -3.4e+38 -3.4e+38 -3.4e+38 -3.4e+38 -3.4e+38 -3.4e+38 -3.4e+38 -3.4e+38 -3.4e+38 -3.4e+38 -3.4e+38 -3.4e+38
-5757 -5889 -5503 -5675 -5755 -5957 -5804 -5357 -5581 -5543 -5921 -5765 -5376 -5358 -5221 -5299 -5193 -5234 -5113 -5160 -5388 -5199 -5216 -5362 -5266 -5189 -5205 -5223 -5286 -5338 -5171 -5117 -4984 -4817 -4901 -4649 -4634 -4562 -4474 -4408 -4358 -4329 -4172 -4230 -4133 -3974 -3829 -3629 -3141 -2116 -2646 -2815 -2855 -2733 -2494 -398 -3.4e+38 -3.4e+38 -3.4e+38 -3.4e+38 -3.4e+38 -3.4e+38 -3.4e+38 -3.4e+38 -3.4e+38 -3.4e+38 -3.4e+38 -3.4e+38 -3.4e+38
-5783 -5534 -6008 -5858 -5578 -5684 -5883 -6116 -5876 -5953 -5864 -5716 -5702 -5510 -5358 -5340 -5413 -5413 -5438 -5271 -5191 -5250 -5267 -5143 -5244 -5306 -5440 -5365 -5155 -5174 -5252 -5073 -5005 -4780 -4905 -4579 -4531 -4349 -4119 -4385 -4237 -4220 -4109 -4086 -3939 -3907 -3862 -3667 -3651 -2375 -2765 -2798 -2887 -2892 -2909 -89 -3.4e+38 -3.4e+38 -3.4e+38 -3.4e+38 -3.4e+38 -3.4e+38 -3.4e+38 -3.4e+38 -3.4e+38 -3.4e+38 -3.4e+38 -3.4e+38 -3.4e+38
-5651 -5309 -5482 -5226 -5584 -6250 -6065 -5256 -5229 -5455 -6034 -5886 -5690 -5744 -5542 -4826 -5613 -5675 -5565 -5408 -5349 -5452 -5338 -5124 -5466 -5549 -5585 -5052 -5098 -4947 -4871 -5044 -4754 -4960 -4544 -4619 -4425 -4510 -4384 -4249 -4293 -4130 -4111 -4071 -3975 -3882 -3768 -3615 -3507 -3479 -3264 -3242 -3032 -2965 -3065 -3.4e+38 -3.4e+38 -3.4e+38 -3.4e+38 -3.4e+38 -3.4e+38 -3.4e+38 -3.4e+38 -3.4e+38 -3.4e+38 -3.4e+38 -3.4e+38 -3.4e+38 -3.4e+38
-6421 -5584 -5940 -6115 -6308 -5892 -5986 -4696 -5550 -5605 -5694 -5657 -5731 -5563 -5706 -5460 -4982 -5484 -5241 -5344 -5438 -5668 -5305 -5395 -5276 -5290 -5042 -5293 -4934 -5331 -5092 -4983 -4962 -4738 -4746 -4487 -4599 -4428 -4436 -4426 -4244 -4167 -4032 -4096 -3995 -3933 -3641 -3638 -3635 -3395 -3262 -3238 -2865 -2676 -3081 -3.4e+38 -3.4e+38 -3.4e+38 -3.4e+38 -3.4e+38 -3.4e+38 -3.4e+38 -3.4e+38 -3.4e+38 -3.4e+38 -3.4e+38 -3.4e+38 -3.4e+38 -3.4e+38
-6038 -5851 -5707 -5895 -5992 -5895 -5644 -5418 -5724 -5505 -5740 -5566 -5467 -5508 -5137 -5473 -5609 -5891 -5221 -5323 -5239 -3425 -4592 -5269 -5303 -5029 -5183 -4514 -5110 -5016 -5181 -5225 -5230 -5064 -4904 -4788 -4529 -4569 -4249 -4363 -4437 -4240 -4215 -4124 -3970 -3955 -3784 -3618 -3536 -3280 -3123 -3114 -2973 -2887 -3107 -3.4e+38 -3.4e+38 -3.4e+38 -3.4e+38 -3.4e+38 -3.4e+38 -3.4e+38 -3.4e+38 -3.4e+38 -3.4e+38 -3.4e+38 -3.4e+38 -3.4e+38 -3.4e+38
-5396 -5828 -5627 -5876 -6183 -5876 -5862 -5711 -5762 -5531 -5790 -5865 -5782 -5534 -5484 -5522 -5505 -5361 -5412 -5413 -5329 -5164 -5334 -5424 -5496 -5350 -5086 -5092 -4815 -4795 -4789 -4876 -4781 -4802 -5073 -4897 -4828 -4882 -4795 -4686 -4331 -4173 -4305 -4274 -4402 -3906 -4015 -3753 -3803 -3484 -2715 -3064 -3252 -3129 -2849 -3.4e+38 -3.4e+38 -3.4e+38 -3.4e+38 -3.4e+38 -3.4e+38 -3.4e+38 -3.4e+38 -3.4e+38 -3.4e+38 -3.4e+38 -3.4e+38 -3.4e+38 -3.4e+38
-5310 -5012 -5908 -5353 -5910 -5952 -5614 -5350 -5473 -5552 -5341 -6473 -4890 -5896 -5815 -5328 -5413 -5528 -5529 -5419 -5432 -5302 -5125 -5179 -5105 -5005 -5581 -5447 -5630 -5380 -5741 -5245 -4393 -5321 -4523 -4689 -4993 -5578 -6166 -5575 -5269 -5463 -5287 -5106 -4956 -4986 -4706 -4351 -4552 -4623 -4405 -4224 -4254 -4125 -3657 -2081 -3.4e+38 -3.4e+38 -3.4e+38 -3.4e+38 -3.4e+38 -3.4e+38 -3.4e+38 -3.4e+38 -3.4e+38 -3.4e+38 -3.4e+38 -3.4e+38 -3.4e+38
-5583 -5561 -5029 -5638 -5314 -5270 -5519 -5554 -5317 -5047 -5903 -5669 -5696 -5629 -5362 -5246 -5212 -5426 -5547 -5383 -5130 -5450 -5217 -5374 -5709 -5222 -5527 -5164 -6231 -5166 -5047 -5418 -5292 -5124 -5309 -5127 -5518 -5330 -4940 -4933 -4771 -4834 -4849 -4848 -4798 -4622 -4971 -4549 -4897 -4880 -4817 -4715 -4483 -4404 -3841 -3618 -3.4e+38 -3.4e+38 -3.4e+38 -3.4e+38 -3.4e+38 -3.4e+38 -3.4e+38 -3.4e+38 -3.4e+38 -3.4e+38 -3.4e+38 -3.4e+38 -3.4e+38
-5374 -5325 -5492 -5289 -5190 -5302 -5920 -5107 -5116 -5434 -5486 -5836 -5649 -5791 -5313 -5235 -4955 -6763 -5310 -5735 -6119 -5297 -5603 -5585 -5683 -5759 -5710 -5709 -5570 -5393 -5298 -5314 -5147 -5444 -5367 -5354 -5285 -5566 -5522 -5307 -5740 -5359 -5129 -5097 -4978 -4904 -4941 -5079 -4770 -5049 -4779 -4746 -4666 -4495 -4291 -4069 -2491 -3.4e+38 -3.4e+38 -3.4e+38 -3.4e+38 -3.4e+38 -3.4e+38 -3.4e+38 -3.4e+38 -3.4e+38 -3.4e+38 -3.4e+38 -3.4e+38
-5121 -4886 -5027 -5154 -4565 -4786 -5922 -5510 -5471 -5801 -6182 -6503 -5587 -5767 -5735 -5835 -5773 -5709 -6022 -5695 -5586 -5456 -5498 -5640 -5752 -5577 -5746 -5775 -5613 -5446 -5296 -5379 -5316 -5292 -5319 -5168 -5479 -5445 -5543 -5490 -5330 -5220 -5185 -5214 -5192 -5025 -5228 -4905 -4847 -4907 -4802 -4713 -4725 -4600 -4530 -3943 -3597 -2696 -3.4e+38 -3.4e+38 -3.4e+38 -3.4e+38 -3.4e+38 -3.4e+38 -3.4e+38 -3.4e+38 -3.4e+38 -3.4e+38 -3.4e+38
-4105 -4417 -4019 -3415 -3598 -4848 -5573 -5197 -5667 -5879 -6069 -5986 -6056 -5826 -5749 -5677 -5651 -5928 -5784 -5673 -5632 -5769 -5357 -5728 -5753 -5597 -5675 -5788 -5619 -5727 -5532 -5404 -5361 -5256 -5299 -5620 -5401 -5345 -5372 -5343 -5194 -5232 -5245 -5250 -5242 -5264 -5092 -5067 -5083 -5089 -4913 -4770 -4798 -4752 -4589 -4238 -3787 -3658 -3.4e+38 -3.4e+38 -3.4e+38 -3.4e+38 -3.4e+38 -3.4e+38 -3.4e+38 -3.4e+38 -3.4e+38 -3.4e+38 -3.4e+38
-3241 -3836 -3358 -2984 -5222 -5331 -6035 -5602 -5941 -5860 -5853 -6002 -5766 -5317 -5785 -5731 -5732 -5892 -5895 -5647 -5785 -5973 -5801 -5824 -5698 -5666 -5744 -5560 -5716 -5611 -5893 -5503 -5400 -5184 -5507 -5283 -5288 -5339 -5293 -4957 -5276 -5177 -5056 -4988 -2929 -5271 -5237 -5107 -5073 -5138 -4566 -4905 -4780 -4705 -4579 -4447 -4302 -3991 -2112 -3.4e+38 -3.4e+38 -3.4e+38 -3.4e+38 -3.4e+38 -3.4e+38 -3.4e+38 -3.4e+38 -3.4e+38 -3.4e+38
-4775 -4804 -5157 -4888 -5483 -5634 -5530 -5699 -5747 -5547 -5938 -5652 -5647 -4261 -5608 -5674 -5617 -5523 -5740 -5731 -5929 -5746 -5902 -5942 -5760 -5576 -5459 -5433 -5641 -5440 -5578 -5896 -5434 -5583 -5479 -5483 -5493 -5241 -5330 -5102 -5108 -5120 -5055 -5108 -5070 -4849 -4989 -5002 -4886 -4742 -4989 -4497 -4454 -4239 -4188 -4536 -4229 -3977 -3598 -1117 -1471 -3.4e+38 -3.4e+38 -3.4e+38 -3.4e+38 -3.4e+38 -3.4e+38 -3.4e+38 -3.4e+38
-5443 -5548 -5044 -5220 -5239 -3504 -5403 -5536 -5586 -5739 -5743 -5801 -5647 -6310 -5929 -5094 -5400 -4689 -5962 -5947 -5882 -5783 -5826 -5702 -5673 -5476 -5365 -5462 -5593 -5440 -5502 -5674 -5634 -5561 -5613 -5612 -5359 -5274 -5238 -5264 -5130 -5379 -4943 -3954 -4509 -4531 -4858 -4938 -4456 -4529 -4229 -4386 -3942 -4397 -4433 -4363 -4202 -4222 -4134 -3806 -1094 -1120 -3.4e+38 -3.4e+38 -3.4e+38 -3.4e+38 -3.4e+38 -3.4e+38 -3.4e+38
-4307 -5128 -5178 -5509 -5273 -5216 -5535 -5489 -5541 -5727 -5720 -5822 -5775 -5751 -5580 -5202 -5546 -5842 -5486 -5233 -5430 -5711 -5856 -5739 -5714 -5538 -5318 -5342 -4936 -5364 -5515 -5481 -5499 -5309 -5565 -5525 -6090 -5156 -4861 -4623 -4729 -5020 -4785 -4302 -4835 -4647 -4718 -4687 -4492 -4614 -4470 -4245 -4368 -4458 -4252 -4259 -4074 -3613 -4017 -3955 -3311 -2381 -1340 -3.4e+38 -3.4e+38 -3.4e+38 -3.4e+38 -3.4e+38 -3.4e+38
-5380 -4963 -5214 -5269 -5335 -5150 -5375 -5364 -5431 -5392 -5418 -5477 -5613 -5666 -5555 -5618 -5699 -5617 -5453 -5654 -5724 -5828 -5952 -5857 -5841 -5590 -5456 -5238 -5218 -5514 -5516 -5730 -5425 -4884 -4991 -5186 -5019 -5173 -4922 -4498 -4843 -4380 -4656 -4438 -4561 -4612 -4601 -4828 -4426 -4656 -4660 -4419 -4320 -4341 -4123 -4234 -4168 -3911 -3881 -3873 -3804 -3071 -2354 -1710 -3.4e+38 -3.4e+38 -118 -3.4e+38 -3.4e+38
-5348 -5489 -5399 -5375 -5306 -5347 -5336 -5210 -5287 -5206 -5253 -5280 -5373 -5346 -5483 -5729 -4893 -5516 -5507 -5496 -5250 -5808 -6003 -6294 -5779 -5558 -5707 -5304 -5934 -5251 -4870 -5109 -5074 -5044 -4918 -4975 -5187 -5062 -5007 -4857 -4618 -4676 -3166 -3422 -4357 -4128 -4543 -4446 -4447 -4732 -4604 -4460 -4381 -4371 -4219 -4396 -4246 -4311 -3936 -3959 -3643 -3275 -2474 -665 -3.4e+38 -3.4e+38 -3.4e+38 -3.4e+38 -3.4e+38
-4913 -1920 -3186 -2759 -4646 -5370 -5252 -5019 -4880 -4889 -4684 -4854 -4852 -5130 -5180 -5106 -5440 -5319 -5570 -5714 -5451 -5766 -5622 -5879 -5615 -5705 -5827 -5426 -5533 -5480 -5288 -5272 -3241 -4949 -4831 -4989 -4829 -4838 -4984 -4967 -4766 -4845 -4748 -4628 -4532 -4517 -4123 -3646 -4459 -4998 -4556 -4947 -4472 -4559 -4268 -4281 -4244 -4349 -4248 -3986 -3921 -3842 -3652 -3683 -164 -3.4e+38 -3.4e+38 -751 -3.4e+38
