AnalysisFolder/EnvironmentalData/Future/rcp8_5/2055/etopo.asc
NCOLS 360 
NROWS 90 
XLLCORNER -180 
YLLCORNER 0 
CELLSIZE 1 
NODATA_value -3.4e+38 
[rows 0 to 30 of 90, columns 276 to 344 of 360]
-4222 -4221 -4220 -4220 -4219 -4219 -4218 -4218 -4217 -4217 -4217 -4217 -4217 -4217 -4216 -4213 -4208 -4203 -4199 -4195 -4192 -4190 -4189 -4188 -4189 -4189 -4189 -4189 -4190 -4190 -4191 -4191 -4192 -4193 -4193 -4191 -4187 -4182 -4184 -4186 -4187 -4187 -4186 -4187 -4188 -4188 -4187 -4185 -4183 -4181 -4178 -4177 -4178 -4181 -4191 -4211 -4245 -4302 -4356 -4318 -4273 -4260 -4249 -4244 -4242 -4240 -4239 -4238 -4236
-4290 -4288 -4286 -4283 -4280 -4276 -4272 -4267 -4263 -4261 -4264 -4268 -4275 -4281 -4289 -4295 -4299 -4303 -4305 -4308 -4308 -4292 -4272 -4245 -4190 -4104 -3932 -3791 -3748 -3691 -3488 -3220 -2935 -2699 -2465 -2054 -1604 -1267 -1188 -1143 -1118 -1224 -1463 -1738 -2038 -2297 -2470 -2508 -2493 -2500 -2521 -2572 -2638 -2682 -2691 -2656 -2468 -1998 -1721 -1751 -1854 -1914 -2020 -2269 -2569 -2846 -2788 -2733 -2799
-4311 -4311 -4310 -4309 -4307 -4306 -4305 -4303 -4292 -4289 -4293 -4295 -4299 -4302 -4305 -4309 -4311 -4311 -4309 -4305 -4300 -4293 -4283 -4270 -4253 -4205 -4004 -3614 -3264 -2959 -2682 -2383 -2341 -2424 -2470 -2505 -2536 -2538 -2545 -2529 -2514 -2213 -1476 -1271 -1143 -1101 -1079 -1058 -1073 -1069 -1157 -1310 -1846 -2191 -2470 -2959 -3381 -3737 -3938 -3948 -3944 -3934 -3902 -3795 -3813 -3875 -3880 -3883 -3888
-4314 -4307 -4299 -4300 -4306 -4303 -4298 -4296 -4298 -4299 -4314 -4385 -4389 -4378 -4367 -4357 -4349 -4341 -4334 -4327 -4320 -4314 -4309 -4303 -4298 -4294 -4289 -4282 -4275 -4268 -4262 -4254 -4231 -4205 -4128 -4005 -3974 -3923 -3850 -3783 -3552 -3191 -2829 -2478 -1709 -1121 -944 -902 -884 -937 -1111 -1207 -1196 -1195 -1240 -1400 -1412 -1339 -1241 -1468 -2077 -2368 -2721 -3696 -4029 -3964 -3903 -3917 -3923
-3989 -3944 -3914 -3842 -4039 -3929 -3798 -3994 -4165 -4163 -4170 -4320 -4324 -4316 -4318 -4321 -4199 -4232 -4313 -4312 -4305 -4301 -4300 -4303 -4296 -4294 -4290 -4288 -4286 -4278 -4270 -4264 -4258 -4253 -4250 -4248 -4242 -4210 -4209 -4207 -4082 -3915 -3777 -3666 -3597 -3083 -2790 -2607 -2580 -2141 -1726 -1769 -959 -787 -728 -676 -788 -1373 -1933 -2398 -2400 -2191 -2483 -3342 -3618 -3805 -3818 -3811 -3682
-3731 -3689 -3617 -3649 -3650 -3748 -3847 -3940 -4050 -4198 -4125 -3910 -3801 -3799 -3616 -3576 -3435 -2814 -3271 -4128 -4226 -3820 -4260 -4265 -4238 -4199 -4210 -4225 -4238 -4247 -4252 -4244 -4234 -4229 -4221 -4211 -4201 -4194 -4190 -4201 -4022 -3934 -3728 -3656 -3542 -3314 -3140 -3013 -2517 -2602 -2514 -2220 -1404 -1426 -1395 -2084 -2025 -1838 -1606 -2529 -2766 -2869 -3052 -3247 -3449 -3441 -3300 -2933 -3346
-3505 -3581 -3599 -3600 -3595 -3542 -3586 -3599 -3600 -3600 -3600 -3601 -3603 -3592 -3371 -2662 -2940 -3649 -4210 -4203 -3963 -3214 -3761 -3257 -4117 -3956 -4084 -4218 -4216 -4216 -4203 -4199 -4197 -4186 -4178 -4162 -4190 -4143 -4117 -4115 -4093 -3969 -3667 -3013 -2602 -2189 -1676 -1395 -1436 -1511 -1676 -2140 -2360 -2447 -2436 -2454 -2324 -2640 -2753 -2722 -2003 -1599 -2727 -3126 -2873 -2805 -2972 -3019 -3100
-2966 -3000 -3146 -3201 -3202 -3200 -3199 -3198 -3207 -3276 -3394 -3500 -3583 -3596 -3561 -3512 -3463 -3432 -3421 -3410 -3475 -3896 -4362 -3797 -3624 -3764 -3490 -3832 -4001 -4017 -4042 -4054 -4056 -4050 -4039 -4024 -4007 -3996 -3960 -3917 -3833 -3734 -3068 -2180 -2411 -1575 -1516 -1808 -2087 -2278 -2389 -2520 -2608 -2647 -2692 -2733 -2756 -2767 -2761 -2751 -2770 -2803 -2816 -2820 -2822 -2821 -2822 -2824 -2827
-3.4e+38 -290 -852 -1360 -1991 -2037 -2232 -2763 -2818 -2969 -3207 -3201 -3200 -3202 -3223 -3241 -3256 -3268 -3282 -3303 -3343 -3589 -3322 -4437 -4932 -3692 -3625 -3728 -3606 -3812 -3958 -3959 -3938 -3917 -3917 -3915 -3880 -3805 -3716 -3586 -3414 -3312 -2511 -1616 -1223 -999 -954 -1550 -1896 -2134 -2393 -2418 -2551 -2587 -2594 -2609 -2644 -2688 -2735 -2816 -2795 -2793 -2879 -2954 -2809 -2804 -2801 -2800 -2800
-3.4e+38 -3.4e+38 -100 -100 -97 -218 -244 -887 -1585 -2027 -2240 -2632 -2760 -2957 -3156 -3202 -3200 -3200 -3200 -3200 -3199 -3200 -3200 -3199 -3248 -3406 -3630 -3433 -3515 -3596 -3695 -3721 -3722 -3737 -3770 -3764 -3684 -3592 -3506 -3416 -3211 -3015 -2480 -1813 -1455 -1652 -1613 -1601 -1799 -1836 -1859 -1955 -1926 -1966 -1976 -1998 -2019 -2184 -2240 -2329 -2378 -2467 -2587 -2688 -2713 -2742 -2761 -2758 -2764
-3.4e+38 -3.4e+38 -3.4e+38 -3.4e+38 -166 -3.4e+38 -3.4e+38 -3.4e+38 -93 -198 -360 -433 -1008 -1550 -2048 -2639 -2831 -2954 -3008 -2998 -2988 -3014 -3070 -3177 -3199 -3196 -3200 -3201 -3392 -3199 -3201 -3233 -3263 -3263 -3197 -3199 -3204 -3178 -3153 -3026 -2987 -2723 -2025 -2078 -1115 -955 -724 -240 -177 -182 -195 -195 -187 -122 -99 -100 -100 -115 -188 -235 -296 -359 -390 -670 -1185 -1452 -1819 -2018 -2161
-121 -102 -3.4e+38 -3.4e+38 -3.4e+38 -3.4e+38 -3.4e+38 -3.4e+38 -3.4e+38 -3.4e+38 -74 -55 -62 -98 -88 -136 -298 -459 -906 -1508 -1801 -2087 -2200 -2380 -2564 -2687 -2789 -2692 -2571 -2642 -2605 -2698 -2622 -2513 -2395 -1962 -1829 -1350 -1275 -842 -190 -101 -136 -80 -70 -69 -71 -70 -69 -70 -68 -68 -68 -68 -69 -72 -78 -83 -89 -93 -96 -101 -110 -127 -152 -179 -195 -324 -430
-103 -107 -91 -90 -113 -3.4e+38 -3.4e+38 -3.4e+38 -3.4e+38 -3.4e+38 -14 -59 -88 -88 -84 -68 -60 -60 -68 -73 -104 -199 -639 -655 -680 -996 -1263 -1382 -1434 -1589 -1583 -740 -380 -98 -76 -70 -67 -60 -55 -52 -49 -47 -44 -41 -40 -37 -36 -36 -37 -38 -39 -42 -45 -46 -48 -49 -61 -65 -67 -69 -72 -79 -85 -89 -95 -100 -126 -158 -182
-57 -3.4e+38 -3.4e+38 -3.4e+38 -3.4e+38 -3.4e+38 -3.4e+38 -3.4e+38 -3.4e+38 -3.4e+38 -3.4e+38 -3.4e+38 -3.4e+38 -3.4e+38 -3.4e+38 -3.4e+38 -3.4e+38 -17 -43 -50 -50 -45 -52 -60 -62 -67 -80 -81 -80 -56 -57 -54 -55 -61 -52 -50 -46 -36 -28 -25 -21 -22 -3.4e+38 -18 -14 -18 -23 -28 -35 -36 -40 -35 -35 -43 -40 -40 -40 -41 -41 -47 -50 -52 -56 -60 -71 -79 -76 -79 -92
-3.4e+38 -3.4e+38 -3.4e+38 -3.4e+38 -3.4e+38 -3.4e+38 -3.4e+38 -3.4e+38 -3.4e+38 -3.4e+38 -3.4e+38 -3.4e+38 -3.4e+38 -3.4e+38 -3.4e+38 -3.4e+38 -3.4e+38 -3.4e+38 -33 -43 -20 -22 -31 -34 -46 -52 -48 -38 -43 -39 -40 -40 -40 -44 -48 -17 -15 -25 -36 -3.4e+38 -20 -3.4e+38 -3.4e+38 -3.4e+38 -3.4e+38 3 -3.4e+38 -3.4e+38 -3.4e+38 -8 -3.4e+38 -3.4e+38 -3.4e+38 -3.4e+38 -3.4e+38 -15 -14 -21 -25 -32 -35 -39 -40 -40 -43 -45 -45 -48 -58
-3.4e+38 -3.4e+38 -3.4e+38 -3.4e+38 -3.4e+38 -3.4e+38 -3.4e+38 -3.4e+38 -3.4e+38 -3.4e+38 -3.4e+38 -3.4e+38 -3.4e+38 -3.4e+38 -3.4e+38 -3.4e+38 -3.4e+38 -15 -35 -16 -10 -16 -16 -25 -15 -15 -12 -16 -21 -34 -37 -32 -34 -26 -25 -18 -14 -10 -17 -28 -25 -20 -3.4e+38 -3.4e+38 -3.4e+38 -17 -3.4e+38 -15 -15 -15 -10 -3.4e+38 -3.4e+38 -3.4e+38 -3.4e+38 -10 -10 -15 -19 -25 -41 -39 -40 -40 -41 -43 -45 -45 -45
-3.4e+38 -3.4e+38 -3.4e+38 -3.4e+38 -3.4e+38 -3.4e+38 -3.4e+38 -3.4e+38 -3.4e+38 -3.4e+38 -3.4e+38 -3.4e+38 -3.4e+38 -3.4e+38 -3.4e+38 -3.4e+38 -3.4e+38 -3.4e+38 -3.4e+38 -3.4e+38 -3.4e+38 -3.4e+38 -3.4e+38 -7 -15 -12 -11 -3.4e+38 -3.4e+38 -3.4e+38 -3.4e+38 -3.4e+38 -4 -14 -24 -21 -16 -15 -16 -24 -21 -22 -15 -12 -3.4e+38 -3.4e+38 -3.4e+38 -3.4e+38 -5 -7 -10 -12 -14 -15 -15 -15 -18 -27 -33 -34 -26 -20 -23 -25 -27 -29 -30 -30 -33
-3.4e+38 -3.4e+38 -3.4e+38 -3.4e+38 -3.4e+38 -3.4e+38 -3.4e+38 -3.4e+38 -3.4e+38 -3.4e+38 -3.4e+38 -3.4e+38 -3.4e+38 -3.4e+38 -3.4e+38 -3.4e+38 -3.4e+38 -3.4e+38 -3.4e+38 -3.4e+38 -3.4e+38 -3.4e+38 -3.4e+38 -3.4e+38 -3.4e+38 -3.4e+38 -3.4e+38 -3.4e+38 -3.4e+38 -3.4e+38 -3.4e+38 -3.4e+38 -3.4e+38 -1 -15 -20 -20 -22 -21 -20 -24 -24 -15 -3.4e+38 -3.4e+38 -3.4e+38 -3.4e+38 -3.4e+38 -3.4e+38 -3.4e+38 -3.4e+38 -3.4e+38 -3.4e+38 -3.4e+38 -15 -15 -17 -24 -25 -20 -20 -20 -23 -22 -20 -21 -24 -25 -25
-3.4e+38 -3.4e+38 -3.4e+38 -3.4e+38 -3.4e+38 -3.4e+38 -3.4e+38 -3.4e+38 -3.4e+38 -3.4e+38 -3.4e+38 -3.4e+38 -3.4e+38 -3.4e+38 -3.4e+38 -3.4e+38 -3.4e+38 -3.4e+38 -3.4e+38 -3.4e+38 -3.4e+38 -3.4e+38 -3.4e+38 -3.4e+38 -3.4e+38 -3.4e+38 -3.4e+38 -3.4e+38 -3.4e+38 -3.4e+38 -3.4e+38 -3.4e+38 -3.4e+38 -3.4e+38 -13 -15 -3.4e+38 -3.4e+38 -3.4e+38 -3.4e+38 -3.4e+38 -3.4e+38 -3.4e+38 -3.4e+38 -3.4e+38 -3.4e+38 -3.4e+38 -3.4e+38 -3.4e+38 -3.4e+38 -3.4e+38 -3.4e+38 -3.4e+38 -3.4e+38 -3.4e+38 -3.4e+38 -12 -13 -13 -10 -3.4e+38 -10 -15 -15 -15 -20 -21 -19 -21
-3.4e+38 -3.4e+38 -3.4e+38 -3.4e+38 -3.4e+38 -3.4e+38 -3.4e+38 -3.4e+38 -3.4e+38 -3.4e+38 -3.4e+38 -3.4e+38 -3.4e+38 -3.4e+38 -3.4e+38 -3.4e+38 -3.4e+38 -3.4e+38 -3.4e+38 -3.4e+38 -3.4e+38 -3.4e+38 -3.4e+38 -3.4e+38 -3.4e+38 -3.4e+38 -3.4e+38 -3.4e+38 -3.4e+38 -3.4e+38 -3.4e+38 -3.4e+38 -3.4e+38 -3.4e+38 -3.4e+38 -3.4e+38 -3.4e+38 -3.4e+38 -3.4e+38 -3.4e+38 -3.4e+38 -3.4e+38 -3.4e+38 -3.4e+38 -3.4e+38 -3.4e+38 -3.4e+38 -3.4e+38 -3.4e+38 -3.4e+38 -3.4e+38 -3.4e+38 -3.4e+38 -3.4e+38 -3.4e+38 -3.4e+38 -3.4e+38 -3.4e+38 -3.4e+38 -3.4e+38 -3.4e+38 -3.4e+38 -3.4e+38 -3.4e+38 -9 -9 -10 -14 -15
-3.4e+38 -3.4e+38 -3.4e+38 -3.4e+38 -3.4e+38 -3.4e+38 -3.4e+38 -3.4e+38 -3.4e+38 -3.4e+38 -3.4e+38 -3.4e+38 -3.4e+38 -3.4e+38 -3.4e+38 -3.4e+38 -3.4e+38 -3.4e+38 -3.4e+38 -3.4e+38 -3.4e+38 -3.4e+38 -3.4e+38 -3.4e+38 -3.4e+38 -3.4e+38 -3.4e+38 -3.4e+38 -3.4e+38 -3.4e+38 -3.4e+38 -3.4e+38 -3.4e+38 -3.4e+38 -3.4e+38 -3.4e+38 -3.4e+38 -3.4e+38 -3.4e+38 -3.4e+38 -3.4e+38 -3.4e+38 -3.4e+38 -3.4e+38 -3.4e+38 -3.4e+38 -3.4e+38 -3.4e+38 -3.4e+38 -3.4e+38 -3.4e+38 -3.4e+38 -3.4e+38 -3.4e+38 -3.4e+38 -3.4e+38 -3.4e+38 -3.4e+38 -3.4e+38 -3.4e+38 -3.4e+38 -3.4e+38 -3.4e+38 -3.4e+38 -3.4e+38 -3.4e+38 -3.4e+38 -3.4e+38 -3.4e+38
-3.4e+38 -3.4e+38 -3.4e+38 -3.4e+38 -3.4e+38 -3.4e+38 -3.4e+38 -3.4e+38 -3.4e+38 -3.4e+38 -3.4e+38 -3.4e+38 -3.4e+38 -3.4e+38 -3.4e+38 -3.4e+38 -3.4e+38 -3.4e+38 -3.4e+38 -3.4e+38 -3.4e+38 -3.4e+38 -3.4e+38 -3.4e+38 -3.4e+38 -3.4e+38 -3.4e+38 -3.4e+38 -3.4e+38 -3.4e+38 -3.4e+38 -3.4e+38 -3.4e+38 -3.4e+38 -3.4e+38 -3.4e+38 -3.4e+38 -3.4e+38 -3.4e+38 -3.4e+38 -3.4e+38 -3.4e+38 -3.4e+38 -3.4e+38 -3.4e+38 -3.4e+38 -3.4e+38 -3.4e+38 -3.4e+38 -3.4e+38 -3.4e+38 -3.4e+38 -3.4e+38 -3.4e+38 -3.4e+38 -3.4e+38 -3.4e+38 -3.4e+38 -3.4e+38 -3.4e+38 -3.4e+38 -3.4e+38 -3.4e+38 -3.4e+38 -3.4e+38 -3.4e+38 -3.4e+38 -3.4e+38 -3.4e+38
-3.4e+38 -3.4e+38 -3.4e+38 -3.4e+38 -3.4e+38 -3.4e+38 -3.4e+38 -3.4e+38 -3.4e+38 -3.4e+38 -3.4e+38 -3.4e+38 -3.4e+38 -3.4e+38 -3.4e+38 -3.4e+38 -3.4e+38 -3.4e+38 -3.4e+38 -3.4e+38 -3.4e+38 -3.4e+38 -3.4e+38 -3.4e+38 -3.4e+38 -3.4e+38 -3.4e+38 -3.4e+38 -3.4e+38 -3.4e+38 -3.4e+38 -3.4e+38 -3.4e+38 -3.4e+38 -3.4e+38 -3.4e+38 -3.4e+38 -3.4e+38 -3.4e+38 -3.4e+38 -3.4e+38 -3.4e+38 -3.4e+38 -3.4e+38 -3.4e+38 -3.4e+38 -3.4e+38 -3.4e+38 -3.4e+38 -3.4e+38 -3.4e+38 -3.4e+38 -3.4e+38 -3.4e+38 -3.4e+38 -3.4e+38 -3.4e+38 -3.4e+38 -3.4e+38 -3.4e+38 -3.4e+38 -3.4e+38 -3.4e+38 -3.4e+38 -3.4e+38 -3.4e+38 -3.4e+38 -3.4e+38 -3.4e+38
-3.4e+38 -3.4e+38 -3.4e+38 -3.4e+38 -3.4e+38 -3.4e+38 -3.4e+38 -3.4e+38 -3.4e+38 -3.4e+38 -3.4e+38 -3.4e+38 -3.4e+38 -3.4e+38 -3.4e+38 -3.4e+38 -3.4e+38 -3.4e+38 -3.4e+38 -3.4e+38 -3.4e+38 -3.4e+38 -3.4e+38 -3.4e+38 -3.4e+38 -3.4e+38 -3.4e+38 -3.4e+38 -3.4e+38 -3.4e+38 -3.4e+38 -3.4e+38 -3.4e+38 -3.4e+38 -3.4e+38 -3.4e+38 -3.4e+38 -3.4e+38 -3.4e+38 -3.4e+38 -3.4e+38 -3.4e+38 -3.4e+38 -3.4e+38 -3.4e+38 -3.4e+38 -3.4e+38 -3.4e+38 -3.4e+38 -3.4e+38 -3.4e+38 -3.4e+38 -3.4e+38 -3.4e+38 -3.4e+38 -3.4e+38 -3.4e+38 -3.4e+38 -3.4e+38 -3.4e+38 -3.4e+38 -3.4e+38 -3.4e+38 -3.4e+38 -3.4e+38 -3.4e+38 -3.4e+38 -3.4e+38 -3.4e+38
-3.4e+38 -3.4e+38 -3.4e+38 -3.4e+38 -3.4e+38 -3.4e+38 -3.4e+38 -3.4e+38 -3.4e+38 -3.4e+38 -3.4e+38 -3.4e+38 -3.4e+38 -3.4e+38 -3.4e+38 -3.4e+38 -3.4e+38 -3.4e+38 -3.4e+38 -3.4e+38 -3.4e+38 -3.4e+38 -3.4e+38 -3.4e+38 -3.4e+38 -3.4e+38 -3.4e+38 -3.4e+38 -3.4e+38 -3.4e+38 -3.4e+38 -3.4e+38 -3.4e+38 -3.4e+38 -3.4e+38 -3.4e+38 -3.4e+38 -3.4e+38 -3.4e+38 -3.4e+38 -3.4e+38 -3.4e+38 -3.4e+38 -3.4e+38 -3.4e+38 -3.4e+38 -3.4e+38 -3.4e+38 -3.4e+38 -3.4e+38 -3.4e+38 -3.4e+38 -3.4e+38 -3.4e+38 -3.4e+38 -3.4e+38 -3.4e+38 -3.4e+38 -3.4e+38 -3.4e+38 -3.4e+38 -3.4e+38 -3.4e+38 -3.4e+38 -3.4e+38 -3.4e+38 -3.4e+38 -3.4e+38 -3.4e+38
-3.4e+38 -3.4e+38 -3.4e+38 -3.4e+38 -3.4e+38 -3.4e+38 -3.4e+38 -3.4e+38 -3.4e+38 -3.4e+38 -3.4e+38 -3.4e+38 -3.4e+38 -3.4e+38 -3.4e+38 -3.4e+38 -3.4e+38 -3.4e+38 -3.4e+38 -3.4e+38 -3.4e+38 -3.4e+38 -3.4e+38 -3.4e+38 -3.4e+38 -3.4e+38 -3.4e+38 -3.4e+38 -3.4e+38 -3.4e+38 -3.4e+38 -3.4e+38 -3.4e+38 -3.4e+38 -3.4e+38 -3.4e+38 -3.4e+38 -3.4e+38 -3.4e+38 -3.4e+38 -3.4e+38 -3.4e+38 -3.4e+38 -3.4e+38 -3.4e+38 -3.4e+38 -3.4e+38 -3.4e+38 -3.4e+38 -3.4e+38 -3.4e+38 -3.4e+38 -3.4e+38 -3.4e+38 -3.4e+38 -3.4e+38 -3.4e+38 -3.4e+38 -3.4e+38 -3.4e+38 -3.4e+38 -3.4e+38 -3.4e+38 -3.4e+38 -3.4e+38 -3.4e+38 -3.4e+38 -3.4e+38 -3.4e+38
-3.4e+38 -3.4e+38 -3.4e+38 -3.4e+38 -3.4e+38 -3.4e+38 -3.4e+38 -3.4e+38 -3.4e+38 -3.4e+38 -3.4e+38 -3.4e+38 -3.4e+38 -3.4e+38 -3.4e+38 -3.4e+38 -3.4e+38 -3.4e+38 -3.4e+38 -3.4e+38 -3.4e+38 -3.4e+38 -3.4e+38 -3.4e+38 -3.4e+38 -3.4e+38 -3.4e+38 -3.4e+38 -3.4e+38 -3.4e+38 -3.4e+38 -3.4e+38 -3.4e+38 -3.4e+38 -3.4e+38 -3.4e+38 -3.4e+38 -3.4e+38 -3.4e+38 -3.4e+38 -3.4e+38 -3.4e+38 -3.4e+38 -3.4e+38 -3.4e+38 -3.4e+38 -3.4e+38 -3.4e+38 -3.4e+38 -3.4e+38 -3.4e+38 -3.4e+38 -3.4e+38 -3.4e+38 -3.4e+38 -3.4e+38 -3.4e+38 -3.4e+38 -3.4e+38 -3.4e+38 -3.4e+38 -3.4e+38 -3.4e+38 -3.4e+38 -3.4e+38 -3.4e+38 -3.4e+38 -3.4e+38 -3.4e+38
-3.4e+38 -3.4e+38 -3.4e+38 -3.4e+38 -3.4e+38 -3.4e+38 -3.4e+38 -3.4e+38 -3.4e+38 -3.4e+38 -3.4e+38 -3.4e+38 -3.4e+38 -3.4e+38 -3.4e+38 -3.4e+38 -3.4e+38 -3.4e+38 -3.4e+38 -3.4e+38 -3.4e+38 -3.4e+38 -3.4e+38 -3.4e+38 -3.4e+38 -3.4e+38 -3.4e+38 -3.4e+38 -3.4e+38 -3.4e+38 -3.4e+38 -3.4e+38 -3.4e+38 -3.4e+38 -3.4e+38 -3.4e+38 -3.4e+38 -3.4e+38 -3.4e+38 -3.4e+38 -3.4e+38 -3.4e+38 -3.4e+38 -3.4e+38 -3.4e+38 -3.4e+38 -3.4e+38 -3.4e+38 -3.4e+38 -3.4e+38 -3.4e+38 -3.4e+38 -3.4e+38 -3.4e+38 -3.4e+38 -3.4e+38 -3.4e+38 -3.4e+38 -3.4e+38 -3.4e+38 -3.4e+38 -3.4e+38 -3.4e+38 -3.4e+38 -3.4e+38 -3.4e+38 -3.4e+38 -3.4e+38 -3.4e+38
-3.4e+38 -3.4e+38 -3.4e+38 -3.4e+38 -3.4e+38 -3.4e+38 -3.4e+38 -3.4e+38 -3.4e+38 -3.4e+38 -3.4e+38 -3.4e+38 -3.4e+38 -3.4e+38 -3.4e+38 -3.4e+38 -3.4e+38 -3.4e+38 -3.4e+38 -3.4e+38 -3.4e+38 -3.4e+38 -3.4e+38 -3.4e+38 -3.4e+38 -3.4e+38 -3.4e+38 -3.4e+38 -3.4e+38 -3.4e+38 -3.4e+38 -3.4e+38 -3.4e+38 -3.4e+38 -3.4e+38 -3.4e+38 -3.4e+38 -3.4e+38 -3.4e+38 -3.4e+38 -3.4e+38 -3.4e+38 -3.4e+38 -3.4e+38 -3.4e+38 -3.4e+38 -3.4e+38 -3.4e+38 -3.4e+38 -3.4e+38 -3.4e+38 -3.4e+38 -3.4e+38 -3.4e+38 -3.4e+38 -3.4e+38 -3.4e+38 -3.4e+38 -3.4e+38 -3.4e+38 -3.4e+38 -3.4e+38 -3.4e+38 -3.4e+38 -3.4e+38 -3.4e+38 -3.4e+38 -3.4e+38 -3.4e+38
-3.4e+38 -3.4e+38 -3.4e+38 -3.4e+38 -3.4e+38 -3.4e+38 -3.4e+38 -3.4e+38 -3.4e+38 -3.4e+38 -3.4e+38 -3.4e+38 -3.4e+38 -3.4e+38 -3.4e+38 -3.4e+38 -3.4e+38 -3.4e+38 -3.4e+38 -3.4e+38 -3.4e+38 -3.4e+38 -3.4e+38 -3.4e+38 -3.4e+38 -3.4e+38 -3.4e+38 -3.4e+38 -3.4e+38 -3.4e+38 -3.4e+38 -3.4e+38 -3.4e+38 -3.4e+38 -3.4e+38 -3.4e+38 -3.4e+38 -3.4e+38 -3.4e+38 -3.4e+38 -3.4e+38 -3.4e+38 -3.4e+38 -3.4e+38 -3.4e+38 -3.4e+38 -3.4e+38 -3.4e+38 -3.4e+38 -3.4e+38 -3.4e+38 -3.4e+38 -3.4e+38 -3.4e+38 -3.4e+38 -3.4e+38 -3.4e+38 -3.4e+38 -3.4e+38 -3.4e+38 -106 -132 -111 -75 -3.4e+38 -49 -3.4e+38 -3.4e+38 -3.4e+38
-3.4e+38 -3.4e+38 -3.4e+38 -3.4e+38 -3.4e+38 -3.4e+38 -3.4e+38 -3.4e+38 -3.4e+38 -3.4e+38 -3.4e+38 -3.4e+38 -3.4e+38 -3.4e+38 -3.4e+38 -3.4e+38 -3.4e+38 -3.4e+38 -3.4e+38 -3.4e+38 -3.4e+38 -3.4e+38 -3.4e+38 -3.4e+38 -3.4e+38 -3.4e+38 -3.4e+38 -3.4e+38 -3.4e+38 -3.4e+38 -3.4e+38 -3.4e+38 -3.4e+38 -3.4e+38 -3.4e+38 -3.4e+38 -3.4e+38 -3.4e+38 -3.4e+38 -3.4e+38 -3.4e+38 -3.4e+38 -3.4e+38 -3.4e+38 -3.4e+38 -3.4e+38 -3.4e+38 -3.4e+38 -3.4e+38 -3.4e+38 -3.4e+38 -3.4e+38 -3.4e+38 -3.4e+38 -3.4e+38 -3.4e+38 -3.4e+38 -3.4e+38 -3.4e+38 -82 -123 -156 -140 -97 -3.4e+38 -3.4e+38 -3.4e+38 -3.4e+38 -3.4e+38
