AnalysisFolder/EnvironmentalData/Future/rcp8_5/2055/etopo.asc
NCOLS 360 
NROWS 90 
XLLCORNER -180 
YLLCORNER 0 
CELLSIZE 1 
NODATA_value -3.4e+38 
[rows 31 to 61 of 90, columns 138 to 206 of 360]
-3069 -3149 -3153 -3068 -2629 -2466 -2604 -2671 -2268 -1806 -1678 -1912 -2437 -2111 -2205 -2666 -2765 -2818 -2980 -2960 -2915 -2864 -1758 -655 -987 -386 -1148 -881 -1328 -1589 -1732 -1825 -1120 -360 -116 -3.4e+38 -109 -3.4e+38 -3.4e+38 -63 -113 -129 -156 -127 -78 -109 -286 -3.4e+38 -3.4e+38 -3.4e+38 -3.4e+38 -3.4e+38 -280 -3.4e+38 -3.4e+38 -3.4e+38 -3.4e+38 -3.4e+38 -3.4e+38 -3.4e+38 -187 -89 -92 -71 -3.4e+38 -3.4e+38 -3.4e+38 -3.4e+38 -3.4e+38
-3232 -3225 -3185 -3017 -3257 -2531 -2471 -2245 -1347 -1401 -2624 -2300 -2366 -2469 -2572 -2752 -2736 -2833 -2999 -2967 -2750 -1866 -971 -875 -1309 -1227 -955 -250 -157 -1754 -1353 -2276 -443 -169 -10 -3.4e+38 -3.4e+38 -3.4e+38 -3.4e+38 -3.4e+38 -73 -97 -114 -88 -78 -68 -73 -86 -110 -164 -70 -3.4e+38 -3.4e+38 -3.4e+38 -3.4e+38 -3.4e+38 -3.4e+38 -3.4e+38 -3.4e+38 -35 -3.4e+38 -99 -170 -3.4e+38 -3.4e+38 -34 -3.4e+38 -3.4e+38 -3.4e+38
-3331 -3206 -2978 -2998 -2676 -2399 -2083 -1757 -1977 -2140 -2612 -2850 -3055 -2818 -2662 -2841 -3041 -3170 -2953 -2253 -1760 -1367 -1401 -1338 -871 -550 -344 -239 -2087 -2412 -2515 -1390 -1292 -141 -140 -3.4e+38 -3.4e+38 -3.4e+38 -3.4e+38 -3.4e+38 -62 -71 -105 -107 -77 -67 -57 -51 -28 -31 -3.4e+38 -3.4e+38 -3.4e+38 -25 -3.4e+38 -3.4e+38 -3.4e+38 -3.4e+38 -3.4e+38 -52 -25 -144 -45 -3.4e+38 -3.4e+38 -3.4e+38 -3.4e+38 -3.4e+38 -3.4e+38
-3119 -2768 -3016 -2911 -2668 -2284 -1416 -1896 -2203 -2499 -2549 -2866 -3016 -2931 -2865 -3332 -3367 -2583 -2265 -1946 -2323 -1341 -1519 -1359 -909 -605 -1323 -2250 -2782 -2864 -2779 -2487 -134 -92 -3.4e+38 -3.4e+38 -3.4e+38 -3.4e+38 -3.4e+38 -3.4e+38 -3.4e+38 -63 -76 -65 -48 -31 -32 -48 -37 -24 -3.4e+38 -3.4e+38 -3.4e+38 -3.4e+38 -3.4e+38 -3.4e+38 -3.4e+38 -78 -66 -35 -94 -90 -49 -3.4e+38 -3.4e+38 -3.4e+38 -3.4e+38 -3.4e+38 -3.4e+38
-3512 -3125 -2746 -3057 -3104 -2690 -2083 -2510 -2213 -2656 -2959 -3013 -3130 -2978 -3027 -3463 -1940 -2888 -3507 -3554 -3170 -2776 -1282 -1450 -2025 -2323 -2595 -2740 -2899 -2948 -1773 -143 -3.4e+38 -3.4e+38 -3.4e+38 -3.4e+38 -3.4e+38 -3.4e+38 -3.4e+38 -3.4e+38 -3.4e+38 -3.4e+38 -60 -32 -20 -35 -48 -41 -39 -26 -3.4e+38 -3.4e+38 -3.4e+38 -3.4e+38 -3.4e+38 -3.4e+38 -14 -3.4e+38 -3.4e+38 -3.4e+38 -3.4e+38 -3.4e+38 -3.4e+38 -3.4e+38 -3.4e+38 -3.4e+38 -3.4e+38 -3.4e+38 -3.4e+38
-3524 -3386 -3455 -2960 -2819 -2739 -2046 -2115 -2860 -2716 -2879 -3026 -3245 -3375 -3546 -3644 -3584 -3491 -3686 -4156 -3507 -2310 -2489 -2397 -2394 -2740 -3104 -1070 -172 -320 -184 -100 -3.4e+38 -3.4e+38 -3.4e+38 -3.4e+38 -92 -3.4e+38 -3.4e+38 -3.4e+38 -3.4e+38 -3.4e+38 -14 -24 -27 -32 -27 -11 -1 -3.4e+38 -3.4e+38 -3.4e+38 -3.4e+38 -3.4e+38 -3.4e+38 -3.4e+38 -3.4e+38 -3.4e+38 -3.4e+38 -3.4e+38 -3.4e+38 -3.4e+38 -3.4e+38 -3.4e+38 -3.4e+38 -3.4e+38 -3.4e+38 -3.4e+38 -3.4e+38
-3422 -2205 -3291 -3680 -3552 -3363 -2974 -3146 -3093 -3461 -3745 -3751 -3792 -3784 -3834 -3843 -3640 -3644 -3783 -3918 -3922 -3223 -3435 -4195 -3997 -3660 -3032 -362 -359 -560 -149 -97 -3.4e+38 -3.4e+38 -3.4e+38 -3.4e+38 -78 -3.4e+38 -3.4e+38 -3.4e+38 -3.4e+38 -3.4e+38 -3.4e+38 -3.4e+38 -38 -21 -15 -3.4e+38 -3.4e+38 -3.4e+38 -3.4e+38 -3.4e+38 -3.4e+38 -3.4e+38 -3.4e+38 -3.4e+38 -3.4e+38 -3.4e+38 -3.4e+38 -3.4e+38 -3.4e+38 -3.4e+38 -3.4e+38 -3.4e+38 -3.4e+38 -3.4e+38 -3.4e+38 -3.4e+38 -3.4e+38
-4147 -4266 -3621 -3493 -3548 -3938 -3731 -3338 -3525 -3150 -3424 -2063 -2598 -3297 -3194 -3651 -3637 -3836 -3362 -3376 -2723 -4080 -4100 -4794 -4772 -4634 -3868 -495 -880 -1517 -355 -131 -3.4e+38 -3.4e+38 -81 -84 -3.4e+38 -3.4e+38 -3.4e+38 -3.4e+38 -3.4e+38 -3.4e+38 -3.4e+38 -20 -3.4e+38 -3.4e+38 -3.4e+38 -3.4e+38 -3.4e+38 -3.4e+38 -3.4e+38 -3.4e+38 -3.4e+38 -3.4e+38 -3.4e+38 -3.4e+38 -3.4e+38 -3.4e+38 -3.4e+38 -3.4e+38 -3.4e+38 -3.4e+38 -3.4e+38 -3.4e+38 -3.4e+38 -3.4e+38 -3.4e+38 -3.4e+38 -3.4e+38
-4353 -4317 -4065 -4072 -3737 -4205 -3518 -3906 -3949 -3788 -3262 -3147 -3441 -3100 -3405 -3355 -4083 -4064 -3756 -3482 -3739 -4427 -4240 -4796 -4761 -4707 -4287 -2786 -2742 -2335 -1599 -146 -113 -127 -92 -92 -3.4e+38 -3.4e+38 -3.4e+38 -3.4e+38 -33 -3.4e+38 -46 -3.4e+38 -3.4e+38 -3.4e+38 -3.4e+38 -3.4e+38 -3.4e+38 -3.4e+38 -3.4e+38 -3.4e+38 -3.4e+38 -3.4e+38 -3.4e+38 -3.4e+38 -3.4e+38 -3.4e+38 -3.4e+38 -3.4e+38 -3.4e+38 -3.4e+38 -3.4e+38 -3.4e+38 -3.4e+38 -3.4e+38 -3.4e+38 -3.4e+38 -3.4e+38
-4436 -4159 -4086 -4603 -4002 -4188 -4260 -4097 -4392 -3322 -3400 -3667 -2970 -3517 -2676 -3586 -3764 -3704 -4000 -3979 -3822 -3787 -4429 -4173 -4844 -4844 -4684 -2877 -3350 -1374 -617 -146 -137 -135 -139 -113 -98 -82 -88 0 -3.4e+38 -35 -3.4e+38 -3.4e+38 -3.4e+38 -3.4e+38 -3.4e+38 -3.4e+38 -3.4e+38 -3.4e+38 -3.4e+38 -3.4e+38 -3.4e+38 -3.4e+38 -3.4e+38 -3.4e+38 -3.4e+38 -3.4e+38 -3.4e+38 -3.4e+38 -3.4e+38 -3.4e+38 -3.4e+38 -3.4e+38 -3.4e+38 -3.4e+38 -3.4e+38 -3.4e+38 -3.4e+38
-4445 -4461 -4440 -4560 -4156 -4280 -4082 -4619 -4284 -4235 -3859 -3494 -3508 -2645 -1762 -2884 -3440 -4096 -4071 -4143 -4321 -3932 -4490 -4364 -4384 -4805 -4806 -4699 -4451 -2643 -3626 -1971 -259 -74 -161 -129 -96 -3.4e+38 -3.4e+38 -3.4e+38 -3.4e+38 -3.4e+38 -3.4e+38 -3.4e+38 -3.4e+38 -3.4e+38 -3.4e+38 -3.4e+38 -3.4e+38 -3.4e+38 -3.4e+38 -3.4e+38 -3.4e+38 -3.4e+38 -3.4e+38 -3.4e+38 -3.4e+38 -3.4e+38 -3.4e+38 -3.4e+38 -3.4e+38 -3.4e+38 -3.4e+38 -3.4e+38 -3.4e+38 -3.4e+38 -3.4e+38 -3.4e+38 -3.4e+38
-4451 -4521 -4676 -4635 -4484 -4251 -4407 -4224 -4388 -3911 -3631 -3707 -3345 -3080 -1931 -2814 -3450 -3639 -3844 -4558 -4152 -4491 -4560 -4363 -4544 -4220 -4727 -4812 -4736 -4552 -4675 -4264 -3943 -2147 -2133 -247 -116 -3.4e+38 -3.4e+38 -3.4e+38 -3.4e+38 -3.4e+38 -3.4e+38 -3.4e+38 -3.4e+38 -3.4e+38 -3.4e+38 -3.4e+38 -3.4e+38 -3.4e+38 -3.4e+38 -3.4e+38 -3.4e+38 -3.4e+38 -3.4e+38 -3.4e+38 -3.4e+38 -3.4e+38 -3.4e+38 -3.4e+38 -3.4e+38 -3.4e+38 -3.4e+38 -3.4e+38 -3.4e+38 -3.4e+38 -3.4e+38 -3.4e+38 -3.4e+38
-4310 -4594 -4685 -4550 -4633 -4491 -4394 -4463 -4250 -3879 -3469 -3122 -3465 -3311 -2852 -2679 -3175 -2826 -3991 -3911 -4604 -4704 -4788 -3813 -4063 -4251 -4435 -4903 -4546 -4039 -4813 -4756 -4734 -4767 -4702 -4646 -3241 -162 -130 -58 -3.4e+38 -3.4e+38 -3.4e+38 -3.4e+38 -3.4e+38 -3.4e+38 -3.4e+38 -3.4e+38 -3.4e+38 -3.4e+38 -3.4e+38 -3.4e+38 -3.4e+38 -3.4e+38 -3.4e+38 -3.4e+38 -3.4e+38 -3.4e+38 -3.4e+38 -3.4e+38 -3.4e+38 -3.4e+38 -3.4e+38 -3.4e+38 -3.4e+38 -3.4e+38 -3.4e+38 -3.4e+38 -3.4e+38
-4647 -4661 -4291 -4543 -4359 -4335 -4080 -3844 -3684 -3566 -3356 -2875 -2918 -2191 -2332 -3052 -2717 -3147 -3385 -3729 -3799 -4562 -4590 -4358 -4574 -3482 -4580 -4725 -4100 -4835 -4813 -2731 -4053 -4876 -4857 -4834 -4225 -4226 -1861 -80 -3.4e+38 -3.4e+38 -3.4e+38 -3.4e+38 -3.4e+38 -3.4e+38 -3.4e+38 -3.4e+38 -3.4e+38 -3.4e+38 -3.4e+38 -3.4e+38 -3.4e+38 -3.4e+38 -3.4e+38 -3.4e+38 -3.4e+38 -3.4e+38 -3.4e+38 -3.4e+38 -3.4e+38 -3.4e+38 -3.4e+38 -3.4e+38 -3.4e+38 -3.4e+38 -3.4e+38 -3.4e+38 -3.4e+38
-4809 -2541 -4018 -4058 -4349 -4087 -4028 -3780 -3359 -3434 -3102 -2881 -2612 -2123 -2739 -3086 -2954 -3067 -3187 -3266 -3837 -4212 -4380 -4502 -4643 -3949 -5363 -4924 -4979 -4938 -4984 -4977 -4961 -4908 -4874 -4817 -4698 -4042 -3916 -1531 -3.4e+38 -3.4e+38 -3.4e+38 -3.4e+38 -3.4e+38 -3.4e+38 -3.4e+38 -3.4e+38 -3.4e+38 -3.4e+38 -3.4e+38 -3.4e+38 -3.4e+38 -3.4e+38 -3.4e+38 -47 -3.4e+38 -3.4e+38 -3.4e+38 -3.4e+38 -3.4e+38 -3.4e+38 -3.4e+38 -3.4e+38 -3.4e+38 -3.4e+38 -3.4e+38 -3.4e+38 -3.4e+38
-4765 -4760 -4597 -4433 -3578 -3807 -3154 -3804 -3844 -3666 -3396 -3009 -2160 -2654 -2806 -3022 -3149 -3315 -2852 -2634 -4337 -3853 -4651 -3863 -3833 -4007 -5081 -4731 -4641 -5067 -5084 -4398 -952 -3.4e+38 -3.4e+38 -3.4e+38 -3.4e+38 -3.4e+38 -3.4e+38 -3.4e+38 -3.4e+38 -3.4e+38 -3.4e+38 -3.4e+38 -3.4e+38 -3.4e+38 -3.4e+38 -3.4e+38 -3.4e+38 -3.4e+38 -2589 -442 -3.4e+38 -3.4e+38 -3.4e+38 -3.4e+38 -93 -3.4e+38 -3.4e+38 -3.4e+38 -3.4e+38 -3.4e+38 -3.4e+38 -3.4e+38 -3.4e+38 -3.4e+38 -3.4e+38 -3.4e+38 -3.4e+38
-4937 -4944 -4345 -4266 -3645 -3960 -4434 -4366 -3462 -3446 -2724 -2539 -1883 -2536 -3006 -3207 -3369 -3610 -3603 -3688 -3842 -5082 -4406 -4240 -4815 -4923 -5208 -5359 -5312 -4559 -1593 -2281 -1400 -3.4e+38 -3.4e+38 -3.4e+38 -3.4e+38 -3.4e+38 -3.4e+38 -3.4e+38 -3.4e+38 -3.4e+38 -3.4e+38 -3.4e+38 -3.4e+38 -176 -1583 -2325 -2638 -2746 -3.4e+38 -3.4e+38 -295 -3.4e+38 -3.4e+38 -3.4e+38 -3.4e+38 -145 -190 -3.4e+38 -3.4e+38 -3.4e+38 -3.4e+38 -3.4e+38 -3.4e+38 -3.4e+38 -3.4e+38 -3.4e+38 -3.4e+38
-4896 -4835 -4509 -4506 -4316 -4470 -4689 -3906 -3744 -3199 -2694 -2155 -1766 -2354 -2604 -2830 -3404 -3820 -3754 -4270 -3839 -3829 -4620 -5166 -5563 -5080 -5321 -5342 -5225 -5004 -3085 -3430 -2376 -3.4e+38 -3.4e+38 -3.4e+38 -3.4e+38 -3.4e+38 -3.4e+38 -3.4e+38 -3.4e+38 -3.4e+38 -3.4e+38 -3.4e+38 -3.4e+38 -1270 -2576 -2503 -2696 -2755 -3.4e+38 -3.4e+38 -1561 -1075 -3.4e+38 -3.4e+38 -3.4e+38 -3.4e+38 -3.4e+38 -1060 -755 -3.4e+38 -3.4e+38 -3.4e+38 -3.4e+38 -3.4e+38 -3.4e+38 -3.4e+38 -3.4e+38
-5101 -4844 -4905 -4522 -4723 -4667 -4523 -4018 -3565 -2840 -2089 -1895 -2486 -2090 -2332 -2871 -2813 -3478 -4475 -3993 -4253 -4405 -5140 -5370 -5346 -5063 -5287 -5346 -5352 -5322 -5126 -3984 -165 -3.4e+38 -3.4e+38 -3.4e+38 -3.4e+38 -3.4e+38 -3.4e+38 -3.4e+38 -3.4e+38 -3.4e+38 -3.4e+38 -1045 -1929 -2078 -2611 -2758 -2820 -2777 -3.4e+38 -3.4e+38 -2122 -2552 -3169 -1733 -3.4e+38 -3.4e+38 -3.4e+38 -3.4e+38 -3.4e+38 -3.4e+38 -3.4e+38 -3.4e+38 -3.4e+38 -3.4e+38 -3.4e+38 -3.4e+38 -3.4e+38
-4985 -4898 -4764 -4341 -4519 -3790 -4185 -3957 -3172 -1880 -1577 -1453 -1687 -1908 -1591 -2719 -3236 -3736 -3928 -4235 -4596 -5025 -4859 -4460 -5078 -5525 -5394 -5324 -4034 -3810 -4753 -3812 -3.4e+38 -3.4e+38 -3.4e+38 -3.4e+38 -3.4e+38 -3.4e+38 -3.4e+38 -3.4e+38 -3.4e+38 -3.4e+38 -1063 -1418 -3.4e+38 -3.4e+38 -1147 -2798 -2690 -2188 -3.4e+38 -3.4e+38 -2752 -3209 -3601 -3458 -2934 -3.4e+38 -3.4e+38 -1119 -752 -1074 -3.4e+38 -3.4e+38 -3.4e+38 -709 -332 -252 -3.4e+38
-4845 -4937 -4696 -4753 -4787 -4102 -4029 -3213 -2576 -2228 -1263 -1912 -1827 264 -1567 -1060 -2920 -3656 -3734 -4249 -4809 -4823 -5015 -5043 -5213 -5194 -5539 -5295 -4107 -4879 -4929 -4812 -3.4e+38 -3.4e+38 -3.4e+38 -3.4e+38 -3.4e+38 -3.4e+38 -3.4e+38 -3.4e+38 -3.4e+38 -3.4e+38 -386 -466 -2198 -2587 -2514 -2838 -2864 -2868 -642 -1304 -716 -1546 -1697 -3.4e+38 -1493 -3.4e+38 -3.4e+38 -1828 -3002 -3100 -3.4e+38 -3.4e+38 -3.4e+38 -3.4e+38 -176 -363 -3.4e+38
-4486 -3943 -4134 -3942 -3871 -3745 -3098 -3034 -1081 -1801 -2168 -1093 -1502 -2082 -2322 -1870 -3.4e+38 -1834 -3723 -4610 -4028 -4377 -5742 -4416 -4001 -3584 -4616 -3201 -4353 -5135 -5116 -4111 -1304 -3.4e+38 -3.4e+38 -3.4e+38 -3.4e+38 -3.4e+38 -3.4e+38 -3.4e+38 -3.4e+38 -1517 -2743 -2787 -2800 -2773 -2789 -2776 -2814 -2820 -1846 -3.4e+38 -170 -919 -3.4e+38 -3.4e+38 -3.4e+38 -3.4e+38 -2501 -3002 -3137 -3340 -4052 -3.4e+38 -3.4e+38 -3.4e+38 -273 -170 -4
-3839 -3823 -3943 -3627 -3367 -3233 -2680 -2194 -1817 -2316 -2741 -2907 -3346 -3471 -3185 -3458 -3693 -3268 -3960 -4202 -4501 -4914 -5247 -5505 -5194 -4567 -3450 -2595 -4368 -3530 -504 -4789 -3277 -2249 -664 -3.4e+38 -3.4e+38 -3.4e+38 -3.4e+38 -3.4e+38 -2184 -2678 -3.4e+38 -3.4e+38 -3.4e+38 -3.4e+38 -3.4e+38 -3.4e+38 -3.4e+38 -3.4e+38 -3.4e+38 -3.4e+38 -3.4e+38 -231 -1316 -1360 -3.4e+38 -1220 -3320 -3396 -3929 -3270 -2837 -4440 -3.4e+38 -565 -510 -314 -453
-3854 -4064 -3822 -3745 -3511 -2702 -2432 -1815 -2745 -2850 -2445 -3191 -2992 -3584 -3417 -4333 -3956 -4599 -4890 -4875 -5166 -5237 -5202 -5142 -4269 -3353 -2480 -4365 -4642 -4070 -4868 -4128 -3764 -2506 -1442 -335 304 -494 -559 -207 -3.4e+38 -3.4e+38 -3.4e+38 -3.4e+38 -3.4e+38 -3.4e+38 -3.4e+38 -3.4e+38 -3.4e+38 -3.4e+38 -3.4e+38 -3.4e+38 -3.4e+38 -60 -49 -309 -454 -427 -3109 -3926 -4042 -3271 -3067 -3596 -4107 -3.4e+38 -3.4e+38 -3.4e+38 -816
-3860 -3804 -3064 -3139 -2552 -2551 -2875 -2899 -3067 -3042 -3384 -1412 -3547 -3366 -4144 -5138 -5339 -5053 -4888 -5246 -5176 -5052 -5272 -5156 -4080 -3738 -3736 -2672 -4046 -4457 -4465 -4274 -4211 -3189 -1474 -3.4e+38 -3.4e+38 -3.4e+38 -3.4e+38 -3.4e+38 -3.4e+38 -3.4e+38 -3.4e+38 -3.4e+38 -3.4e+38 -3.4e+38 -3.4e+38 -3.4e+38 -3.4e+38 -3.4e+38 -3.4e+38 -3.4e+38 -3.4e+38 -45 -85 -186 -392 -304 -1563 -3286 -3292 -3359 -2704 -2158 -2817 -2693 -1880 -1391 -3510
-4088 -3528 -2272 -2372 -2948 -3259 -3504 -3382 -3420 -3432 -3306 -3174 -2867 -3006 -4209 -4179 -4724 -4709 -5322 -5378 -5326 -5234 -4455 -4112 -4067 -3579 -3954 -4227 -4446 -4293 -4378 -4367 -1511 -3.4e+38 -3.4e+38 -3.4e+38 -3.4e+38 -3.4e+38 -3.4e+38 -3.4e+38 -3.4e+38 -3.4e+38 -3.4e+38 -3.4e+38 -3.4e+38 -3.4e+38 -3.4e+38 -3.4e+38 -3.4e+38 -3.4e+38 -3.4e+38 -3.4e+38 -3.4e+38 -31 -124 -318 -379 -995 -1644 -2307 -2659 -3100 -3099 -2343 -1732 -1791 -1966 -2419 -2440
-3517 -2541 -2476 -3687 -3319 -2902 -4019 -3966 -3706 -4263 -3523 -3757 -3716 -3405 -2673 -4806 -5404 -5420 -5418 -5263 -5102 -4764 -4023 -4209 -3877 41 -4356 -4400 -4278 -3849 -3370 -3707 -3.4e+38 -3.4e+38 -3.4e+38 -3.4e+38 -3.4e+38 -3.4e+38 -3.4e+38 -3.4e+38 -3.4e+38 -3.4e+38 -3.4e+38 -3.4e+38 -3.4e+38 -3.4e+38 -3.4e+38 -3.4e+38 -3.4e+38 -3.4e+38 -3.4e+38 -3.4e+38 -3.4e+38 -3.4e+38 -3.4e+38 -3.4e+38 -3.4e+38 -208 -988 -1891 -1875 -1123 -3.4e+38 -3.4e+38 -3.4e+38 -3.4e+38 -1997 -2725 -3044
-2258 -2033 -3467 -2938 -2703 -3326 -3718 -4264 -3916 -3929 -4610 -3855 -4137 -1967 -3776 -5307 -5436 -5440 -5384 -5209 -4954 -4848 -4620 -4675 -4486 -4412 -4393 -4189 -3105 -3312 -2521 -1295 -3.4e+38 -3.4e+38 -3.4e+38 -3.4e+38 -3.4e+38 -3.4e+38 -3.4e+38 -3.4e+38 -3.4e+38 -3.4e+38 -3.4e+38 -3.4e+38 -3.4e+38 -3.4e+38 -3.4e+38 -3.4e+38 -3.4e+38 -3.4e+38 -3.4e+38 -3.4e+38 -3.4e+38 -3.4e+38 -3.4e+38 -3.4e+38 -3.4e+38 -3.4e+38 -3.4e+38 -213 -1174 -339 -3.4e+38 -3.4e+38 -3.4e+38 -3.4e+38 -3.4e+38 -3.4e+38 -3.4e+38
-2456 -3095 -3122 -4038 -3733 -3799 -4490 -4131 -4612 -4964 -4267 -4581 -4200 -4177 -4767 -4520 -5425 -5359 -5365 -5114 -4948 -4854 -4767 -4654 -4449 -3982 -3573 -2975 -1833 -2048 -2359 -1969 -3.4e+38 -3.4e+38 -3.4e+38 -3.4e+38 -3.4e+38 -3.4e+38 -3.4e+38 -3.4e+38 -3.4e+38 -3.4e+38 -3.4e+38 -3.4e+38 -3.4e+38 -3.4e+38 -3.4e+38 -3.4e+38 -3.4e+38 -3.4e+38 -3.4e+38 -3.4e+38 -3.4e+38 -3.4e+38 -3.4e+38 -3.4e+38 -3.4e+38 -3.4e+38 -3.4e+38 -3.4e+38 -3.4e+38 -3.4e+38 -3.4e+38 -3.4e+38 -3.4e+38 -3.4e+38 -3.4e+38 -3.4e+38 -3.4e+38
-3467 -3255 -4112 -4234 -3656 -4349 -4618 -4669 -4760 -4809 -4419 -4451 -4436 -3474 -4921 -5212 -5347 -5385 -5247 -5030 -4884 -4735 -4584 -4386 -4123 -3755 -3617 -3463 -779 -1753 -1396 -3.4e+38 -3.4e+38 -3.4e+38 -3.4e+38 -3.4e+38 -3.4e+38 -3.4e+38 -3.4e+38 -3.4e+38 -3.4e+38 -3.4e+38 -3.4e+38 -3.4e+38 -3.4e+38 -3.4e+38 -3.4e+38 -3.4e+38 -3.4e+38 -3.4e+38 -3.4e+38 -3.4e+38 -3.4e+38 -3.4e+38 -3.4e+38 -3.4e+38 -3.4e+38 -3.4e+38 -3.4e+38 -3.4e+38 -3.4e+38 -3.4e+38 -3.4e+38 -3.4e+38 -3.4e+38 -3.4e+38 -3.4e+38 -3.4e+38 -3.4e+38
-4059 -4088 -3914 -4483 -4309 -4659 -4553 -4971 -4962 -5146 -3965 -4627 -4748 -4932 -4930 -5230 -5315 -5234 -4989 -4935 -4854 -4673 -4357 -4060 -2689 -3.4e+38 -3516 -2588 -1278 -101 -3.4e+38 -3.4e+38 -3.4e+38 -3.4e+38 -3.4e+38 -3.4e+38 -3.4e+38 -3.4e+38 -3.4e+38 -3.4e+38 -3.4e+38 -3.4e+38 -3.4e+38 -3.4e+38 -3.4e+38 -3.4e+38 -3.4e+38 -3.4e+38 -3.4e+38 -3.4e+38 -3.4e+38 -3.4e+38 -3.4e+38 -3.4e+38 -3.4e+38 -3.4e+38 -3.4e+38 -3.4e+38 -3.4e+38 -3.4e+38 -3.4e+38 -3.4e+38 -3.4e+38 -3.4e+38 -3.4e+38 -3.4e+38 -3.4e+38 -3.4e+38 -3.4e+38
