AnalysisFolder/EnvironmentalData/Future/rcp8_5/2055/etopo.asc
NCOLS 360 
NROWS 90 
XLLCORNER -180 
YLLCORNER 0 
CELLSIZE 1 
NODATA_value -3.4e+38 
[rows 0 to 30 of 90, columns 0 to 68 of 360]
-4296.000000000000000 -4265 -4221 -4159 -4105 -4056 -4034 -4086 -4139 -4196 -4249 -4263 -4284 -4260 -4236 -4213 -4190 -4170 -4152 -4140 -4140 -4141 -4144 -4150 -4144 -4137 -4102 -4062 -4034 -4021 -4014 -4023 -4032 -4030 -3999 -3939 -3784 -3567 -3203 -2801 -2380 -2238 -2109 -1973 -2077 -2128 -2094 -2220 -2346 -2459 -2616 -2771 -2917 -3001 -3053 -3051 -3015 -2986 -2934 -2815 -2757 -2720 -2656 -2572 -2479 -2585 -2707 -3092 -3491
-3852 -3851 -3884 -3903 -3910 -3908 -3859 -3746 -3719 -3837 -3748 -3623 -3771 -3920 -3930 -3920 -3907 -3915 -3933 -3939 -3937 -3934 -3925 -3911 -3900 -3901 -3917 -3935 -3942 -3937 -3930 -3919 -3879 -3829 -3872 -3874 -3840 -3873 -3877 -3894 -3827 -3735 -3738 -3696 -3698 -3464 -3426 -3556 -3596 -3574 -3502 -3453 -3459 -3483 -3431 -3400 -3290 -3205 -3172 -3249 -3372 -3464 -3503 -3520 -3513 -3525 -3538 -3654 -3693
-3896 -3898 -3900 -3899 -3898 -3895 -3893 -3892 -3892 -3892 -3875 -3828 -3706 -3527 -3364 -3186 -3085 -3017 -2973 -2921 -2878 -2852 -2867 -2882 -2898 -2903 -2894 -2854 -2793 -2780 -2808 -2814 -2868 -2971 -3030 -3091 -3033 -2989 -2982 -3040 -3094 -3106 -3109 -3105 -3093 -3079 -3048 -3028 -3022 -3027 -3033 -3013 -3018 -2990 -2953 -2912 -2882 -2863 -2867 -2903 -3025 -3244 -3296 -3303 -3281 -3261 -3261 -3170 -3141
-3879 -3886 -3903 -3913 -3906 -3883 -3887 -3882 -3880 -3877 -3887 -3895 -3899 -3897 -3889 -3883 -3881 -3879 -3875 -3874 -3862 -3830 -3808 -3809 -3816 -3655 -3492 -3220 -3108 -2987 -3006 -3011 -3074 -3147 -3201 -3151 -2952 -2787 -2701 -2631 -2599 -2598 -2585 -2556 -2551 -2444 -2239 -2192 -2159 -2124 -2123 -2038 -1785 -2033 -2069 -2010 -1873 -1760 -1627 -1586 -1595 -1712 -1826 -1727 -1629 -1647 -1832 -1976 -2013
-2548 -2379 -2499 -2811 -2845 -2673 -2079 -1567 -1816 -1921 -2297 -2592 -2489 -2424 -2373 -2265 -2216 -2366 -2531 -2581 -2649 -2723 -2686 -2580 -2428 -1964 -1927 -2124 -2340 -2563 -2371 -2306 -2284 -2291 -2313 -2288 -2244 -2226 -2201 -2111 -2021 -1876 -1859 -1884 -1872 -1784 -1693 -1664 -1707 -1611 -1599 -1798 -1799 -1912 -1853 -1751 -1585 -1535 -1553 -1436 -1348 -1248 -1266 -1306 -1258 -1210 -1216 -1219 -1219
-2241 -2184 -1800 -1761 -1776 -1843 -1824 -1805 -1825 -1883 -1943 -2059 -2136 -2213 -2139 -1997 -1999 -2044 -2103 -2073 -2134 -2161 -2000 -1996 -2312 -2307 -2219 -2288 -2346 -2211 -1966 -1760 -1774 -2219 -2174 -2200 -2199 -2002 -1995 -2144 -2302 -2319 -2289 -2160 -2298 -2489 -2602 -2660 -2664 -2668 -2674 -2701 -2647 -2642 -2521 -2307 -2396 -2363 -2325 -2296 -2266 -2188 -1850 -1611 -1661 -1382 -1357 -1364 -1411
-2428 -2343 -2331 -2447 -2540 -2623 -2697 -2716 -2702 -2638 -2967 -3025 -3157 -3194 -3169 -2987 -2756 -2568 -2465 -2732 -2701 -2999 -2940 -2959 -2956 -2832 -3119 -3009 -2574 -2267 -2864 -2877 -2989 -2896 -2670 -2258 -2259 -2580 -2798 -2762 -2809 -2829 -2843 -2812 -2880 -2974 -3170 -3403 -3418 -3407 -3403 -3404 -3342 -3201 -3124 -3164 -3216 -3160 -3081 -3010 -2910 -2750 -2850 -2865 -2828 -2805 -2583 -2827 -2859
-2255 -2328 -2322 -2411 -2433 -3018 -3188 -3178 -3326 -3393 -3375 -3413 -3471 -3534 -3600 -3634 -3668 -3728 -3759 -3754 -3786 -3808 -3814 -3813 -3746 -3610 -3291 -2950 -3043 -3079 -2988 -2735 -2684 -2710 -2684 -2986 -2740 -2634 -2859 -3203 -3439 -3536 -3579 -3420 -3459 -3545 -3574 -3583 -3583 -3580 -3576 -3547 -3493 -3266 -2656 -3365 -3372 -3374 -3322 -3285 -3272 -3262 -3251 -3233 -3212 -3187 -3155 -3124 -3082
-1890 -2174 -2388 -2515 -2748 -2888 -2797 -2800 -2966 -3122 -3193 -3208 -3289 -3327 -3401 -3722 -3819 -3811 -3803 -3814 -3820 -3820 -3806 -3756 -3752 -3759 -3586 -3584 -3557 -2925 -3600 -3620 -3675 -3659 -3529 -3643 -3665 -3669 -3678 -3696 -3701 -3693 -3682 -3664 -3641 -3635 -3633 -3676 -3619 -3594 -3599 -3592 -3527 -3460 -3403 -3367 -3258 -3187 -3125 -2947 -2856 -2846 -2841 -2797 -2778 -2732 -2659 -2570 -2478
-1602 -2006 -2305 -2250 -1818 -2559 -3181 -3249 -3283 -3204 -3298 -3289 -3285 -3296 -3317 -3034 -2736 -2821 -3064 -3469 -3631 -3592 -3607 -3811 -3818 -3831 -3834 -3821 -3794 -3769 -3761 -3762 -3768 -3758 -3718 -3755 -3748 -3736 -3730 -3724 -3720 -3715 -3708 -3696 -3672 -3649 -3630 -3600 -3520 -3505 -3404 -3189 -3481 -2711 -2859 -3252 -3009 -2505 -3275 -3261 -2944 -2546 -2234 -2053 -1893 -1657 -1599 -1158 -891
-1863 -1428 -1693 -1733 -1690 -1877 -2337 -2819 -2501 -2884 -2970 -3165 -2932 -2544 -2750 -2619 -2776 -3156 -3395 -3490 -3401 -3384 -3264 -3807 -3833 -3835 -3832 -3846 -3804 -3782 -3772 -3775 -3772 -3771 -3764 -3762 -3755 -3749 -3742 -3687 -3641 -3630 -3624 -3621 -3619 -3614 -3609 -3607 -3605 -3539 -3406 -3383 -3251 -2843 -2442 -2363 -2525 -2576 -2623 -2554 -2236 -2055 -1960 -1349 -965 -580 -555 -531 -531
-1598 -1663 -1219 -1422 -1553 -1612 -2073 -2165 -2469 -2681 -2241 -2105 -679 -564 -579 -665 -651 -748 -1020 -872 -2064 -3596 -3526 -2148 -2634 -1814 -2277 -3828 -3737 -3797 -3787 -3776 -3775 -3772 -3770 -3757 -3762 -3757 -3744 -3679 -3639 -3629 -3624 -3621 -3615 -3610 -3506 -3464 -3417 -3325 -3190 -3065 -2931 -2716 -2553 -2181 -1811 -1638 -890 -677 -424 -284 -428 -312 -300 -289 -99 1 -3.4e+38
-1587 -1577 -986 -1267 -1608 -1991 -2006 -2203 -2228 -2225 -1945 -728 -509 -625 -824 -288 -343 -2034 -1580 -1441 -1487 -921 -1783 -1176 -1247 -978 -2086 -3841 -3800 -3781 -3780 -3779 -3775 -3771 -3743 -3755 -3749 -3736 -3723 -3692 -3659 -3643 -3615 -3552 -3488 -3462 -3431 -3406 -3398 -3242 -3047 -2743 -2389 -1969 -1388 -611 -437 -271 -270 -219 -3.4e+38 -3.4e+38 -3.4e+38 -3.4e+38 -71 -3.4e+38 -3.4e+38 -3.4e+38 -3.4e+38
-1111 -801 -1067 -1697 -2008 -2141 -2202 -2205 -2210 -2214 -2188 -1781 -1049 -617 -971 -531 -825 -1773 -1417 -1400 -2045 -647 -1705 -881 -1093 -3039 -3785 -3796 -3774 -3767 -3783 -3776 -3773 -3760 -3749 -3741 -3731 -3714 -3690 -3671 -3646 -3616 -3616 -3608 -3526 -3411 -3247 -3215 -2936 -2612 -2386 -2111 -1572 -807 -267 -231 -148 -3.4e+38 -3.4e+38 -3.4e+38 -3.4e+38 -3.4e+38 -3.4e+38 -3.4e+38 -3.4e+38 -3.4e+38 -3.4e+38 -333 -306
-988 -992 -1113 -1324 -1537 -1416 -1343 -1251 -1222 -1063 -365 -174 -191 -314 -529 -987 -1914 -2027 -2086 -2012 -1418 -1306 -1384 -1367 -3783 -3772 -3793 -3797 -3798 -3788 -3784 -3777 -3765 -3757 -3744 -3736 -3706 -3700 -3693 -3682 -3660 -3616 -3567 -3487 -3448 -3402 -3402 -2934 -2366 -2095 -1253 -418 -388 -378 -391 -410 -410 -414 -405 -3.4e+38 -398 -3.4e+38 -3.4e+38 -3.4e+38 -3.4e+38 -3.4e+38 -3.4e+38 -3.4e+38 -3.4e+38
-136 -171 -196 -207 -218 -227 -231 -247 -244 -206 -192 -206 -322 -334 -379 -403 -875 -1455 -1646 -1262 -719 -895 -3828 -3827 -3845 -3857 -3848 -3851 -3848 -3785 -3770 -3762 -3743 -3725 -3712 -3693 -3662 -3647 -3615 -3562 -3520 -3459 -3379 -3285 -3242 -3235 -3070 -2931 -2692 -1764 -621 -388 -402 -415 -356 -3.4e+38 -3.4e+38 -3.4e+38 -3.4e+38 -3.4e+38 -3.4e+38 -3.4e+38 -3.4e+38 -474 -459 -364 -3.4e+38 -3.4e+38 -3.4e+38
-84 -91 -98 -115 -152 -139 -140 -132 -135 -129 -114 -108 -107 -70 -69 -89 -115 -126 -236 -1639 -2223 -2568 -2910 -3646 -3854 -3873 -3864 -3822 -3793 -3775 -3750 -3710 -3698 -3661 -3625 -3591 -3573 -3506 -3453 -3474 -3312 -3230 -3156 -3124 -3007 -2915 -2794 -2719 -2601 -2233 -1060 -398 -227 -100 -45 -3.4e+38 -3.4e+38 -3.4e+38 -3.4e+38 -3.4e+38 -3.4e+38 -3.4e+38 -3.4e+38 -3.4e+38 -3.4e+38 -3.4e+38 -154 -177 -231
-49 -55 -61 -66 -78 -63 -57 -66 -61 -64 -60 -55 -51 -52 -51 -51 -49 -44 -46 -44 -52 -64 -239 -1169 -1927 -2407 -3125 -3449 -3623 -3722 -3727 -3678 -3633 -3502 -3448 -3363 -3406 -3291 -3159 -3130 -2961 -2732 -2573 -2560 -2454 -2330 -2127 -1908 -1685 -1228 -602 -311 -87 -28 -3.4e+38 -3.4e+38 -3.4e+38 -3.4e+38 -3.4e+38 -3.4e+38 -3.4e+38 -3.4e+38 -3.4e+38 -3.4e+38 -3.4e+38 -3.4e+38 -3.4e+38 -3.4e+38 -3.4e+38
-3.4e+38 -3.4e+38 -20 -30 -45 -63 -50 -50 -51 -51 -50 -48 -49 -45 -38 -40 -44 -45 -48 -56 -54 -60 -101 -3.4e+38 -36 -38 -57 -119 -1053 -1703 -2124 -2288 -2659 -2942 -3208 -3039 -2965 -3022 -2801 -2496 -2343 -2159 -2019 -1820 -1790 -1483 -1014 -846 -568 -121 -124 -193 -313 -438 -3.4e+38 -3.4e+38 -3.4e+38 -3.4e+38 -3.4e+38 -3.4e+38 -113 -3.4e+38 -3.4e+38 -3.4e+38 -3.4e+38 -3.4e+38 -3.4e+38 -3.4e+38 -3.4e+38
-3.4e+38 -39 -47 -57 -60 -59 -45 -34 -24 -32 -34 -41 -46 -43 -44 -44 -40 -3.4e+38 -3.4e+38 -3.4e+38 -3.4e+38 -3.4e+38 -3.4e+38 -3.4e+38 -3.4e+38 -3.4e+38 -3.4e+38 -3.4e+38 -3.4e+38 -3.4e+38 -3.4e+38 -3.4e+38 -3.4e+38 -3.4e+38 -40 -51 -58 -86 -383 -500 -778 -725 -827 -289 -64 -61 -54 -38 -40 -27 -18 -3.4e+38 -3.4e+38 -309 -167 -229 -427 -465 -454 -339 -315 -352 -3.4e+38 -3.4e+38 -3.4e+38 -3.4e+38 -3.4e+38 -3.4e+38 -3.4e+38
-50 -46 -50 -53 -52 -52 -53 -52 -51 -50 -54 -50 -46 -39 -34 -25 -3.4e+38 -3.4e+38 -3.4e+38 -3.4e+38 -3.4e+38 -3.4e+38 -3.4e+38 -3.4e+38 -3.4e+38 -3.4e+38 -3.4e+38 -3.4e+38 -3.4e+38 -3.4e+38 -3.4e+38 -3.4e+38 -3.4e+38 -3.4e+38 -3.4e+38 -3.4e+38 -3.4e+38 -3.4e+38 -3.4e+38 -3.4e+38 -3.4e+38 -3.4e+38 -52 -7 -3.4e+38 -3.4e+38 -3.4e+38 -3.4e+38 -3.4e+38 -3.4e+38 -3.4e+38 -3.4e+38 -3.4e+38 -3.4e+38 -3.4e+38 -3.4e+38 -3.4e+38 -3.4e+38 -3.4e+38 -3.4e+38 -3.4e+38 -3.4e+38 -338 -3.4e+38 -3.4e+38 -3.4e+38 -3.4e+38 -3.4e+38 -3.4e+38
-3.4e+38 -3.4e+38 -3.4e+38 -45 -50 -51 -52 -50 -53 -56 -55 -49 -40 -3.4e+38 -3.4e+38 -3.4e+38 -3.4e+38 -3.4e+38 -3.4e+38 -3.4e+38 -3.4e+38 -3.4e+38 -3.4e+38 -3.4e+38 -3.4e+38 -3.4e+38 -3.4e+38 -3.4e+38 -3.4e+38 -3.4e+38 -3.4e+38 -3.4e+38 -3.4e+38 -3.4e+38 -3.4e+38 -3.4e+38 -3.4e+38 -3.4e+38 -3.4e+38 -3.4e+38 -3.4e+38 -3.4e+38 -3.4e+38 -3.4e+38 -3.4e+38 -3.4e+38 -3.4e+38 -3.4e+38 -3.4e+38 -3.4e+38 -3.4e+38 -3.4e+38 -3.4e+38 -3.4e+38 -3.4e+38 -3.4e+38 -3.4e+38 -3.4e+38 -3.4e+38 -3.4e+38 -3.4e+38 -3.4e+38 -3.4e+38 -3.4e+38 -3.4e+38 -3.4e+38 -3.4e+38 -3.4e+38 -3.4e+38
-3.4e+38 -3.4e+38 -3.4e+38 -3.4e+38 -3.4e+38 -22 -43 -48 -47 -49 -50 -52 -45 -43 -29 -3.4e+38 -3.4e+38 -3.4e+38 -3.4e+38 -3.4e+38 -3.4e+38 -3.4e+38 -3.4e+38 -3.4e+38 -3.4e+38 -3.4e+38 -3.4e+38 -3.4e+38 -3.4e+38 -3.4e+38 -3.4e+38 -3.4e+38 -3.4e+38 -3.4e+38 -3.4e+38 -3.4e+38 -3.4e+38 -3.4e+38 -3.4e+38 -3.4e+38 -3.4e+38 -3.4e+38 -3.4e+38 -3.4e+38 -3.4e+38 -3.4e+38 -3.4e+38 -3.4e+38 -3.4e+38 -3.4e+38 -3.4e+38 -3.4e+38 -3.4e+38 -3.4e+38 -3.4e+38 -3.4e+38 -3.4e+38 -3.4e+38 -3.4e+38 -3.4e+38 -3.4e+38 -3.4e+38 -3.4e+38 -3.4e+38 -3.4e+38 -3.4e+38 -3.4e+38 -3.4e+38 -3.4e+38
-3.4e+38 -3.4e+38 -3.4e+38 -3.4e+38 -3.4e+38 -3.4e+38 -3.4e+38 -3.4e+38 -3.4e+38 -3.4e+38 -53 -51 -30 -3.4e+38 -3.4e+38 -3.4e+38 -6 -14 -3.4e+38 -3.4e+38 -3.4e+38 -3.4e+38 -3.4e+38 -3.4e+38 -3.4e+38 -3.4e+38 -3.4e+38 -3.4e+38 -3.4e+38 -3.4e+38 -3.4e+38 -3.4e+38 -3.4e+38 -3.4e+38 -3.4e+38 -3.4e+38 -3.4e+38 -3.4e+38 -3.4e+38 -3.4e+38 -3.4e+38 -3.4e+38 -3.4e+38 -3.4e+38 -3.4e+38 -3.4e+38 -3.4e+38 -3.4e+38 -3.4e+38 -3.4e+38 -3.4e+38 -3.4e+38 -3.4e+38 -3.4e+38 -3.4e+38 -3.4e+38 -3.4e+38 -3.4e+38 -3.4e+38 -3.4e+38 -3.4e+38 -3.4e+38 -3.4e+38 -3.4e+38 -3.4e+38 -3.4e+38 -3.4e+38 -3.4e+38 -3.4e+38
-3.4e+38 -3.4e+38 -3.4e+38 -3.4e+38 -3.4e+38 -3.4e+38 -3.4e+38 -3.4e+38 -3.4e+38 -3.4e+38 -45 -54 -3.4e+38 -3.4e+38 -3.4e+38 -3.4e+38 -3.4e+38 -3.4e+38 -3.4e+38 -3.4e+38 -3.4e+38 -3.4e+38 -3.4e+38 -3.4e+38 -3.4e+38 -3.4e+38 -3.4e+38 -3.4e+38 -3.4e+38 -3.4e+38 -3.4e+38 -3.4e+38 -3.4e+38 -3.4e+38 -3.4e+38 -3.4e+38 -3.4e+38 -3.4e+38 -3.4e+38 -3.4e+38 -3.4e+38 -3.4e+38 -3.4e+38 -3.4e+38 -3.4e+38 -3.4e+38 -3.4e+38 -3.4e+38 -3.4e+38 -3.4e+38 -3.4e+38 -3.4e+38 -3.4e+38 -3.4e+38 -3.4e+38 -3.4e+38 -3.4e+38 -3.4e+38 -3.4e+38 -3.4e+38 -3.4e+38 -3.4e+38 -3.4e+38 -3.4e+38 -3.4e+38 -3.4e+38 -3.4e+38 -3.4e+38 -3.4e+38
-46 -47 -61 -79 -3.4e+38 -3.4e+38 -3.4e+38 -3.4e+38 -43 -48 -43 -33 -24 -3.4e+38 -3.4e+38 -3.4e+38 -3.4e+38 -3.4e+38 -3.4e+38 -3.4e+38 -3.4e+38 -3.4e+38 -3.4e+38 -3.4e+38 -3.4e+38 -3.4e+38 -3.4e+38 -3.4e+38 -3.4e+38 -3.4e+38 -3.4e+38 -3.4e+38 -3.4e+38 -3.4e+38 -3.4e+38 -3.4e+38 -3.4e+38 -3.4e+38 -3.4e+38 -3.4e+38 -3.4e+38 -3.4e+38 -3.4e+38 -3.4e+38 -3.4e+38 -3.4e+38 -3.4e+38 -3.4e+38 -3.4e+38 -3.4e+38 -3.4e+38 -3.4e+38 -3.4e+38 -3.4e+38 -3.4e+38 -3.4e+38 -3.4e+38 -3.4e+38 -3.4e+38 -3.4e+38 -3.4e+38 -3.4e+38 -3.4e+38 -3.4e+38 -3.4e+38 -3.4e+38 -3.4e+38 -3.4e+38 -3.4e+38
-64 -74 -106 -91 -84 -80 -78 -52 -3.4e+38 -3.4e+38 -3.4e+38 -27 -26 -24 -22 -3.4e+38 -8 -3.4e+38 -3.4e+38 -3.4e+38 -3.4e+38 -3.4e+38 -3.4e+38 -3.4e+38 -3.4e+38 -3.4e+38 -3.4e+38 -3.4e+38 -3.4e+38 -3.4e+38 -3.4e+38 -3.4e+38 -3.4e+38 -3.4e+38 -3.4e+38 -3.4e+38 -3.4e+38 -3.4e+38 -3.4e+38 -3.4e+38 -3.4e+38 -3.4e+38 -3.4e+38 -3.4e+38 -3.4e+38 -3.4e+38 -3.4e+38 -3.4e+38 -3.4e+38 -3.4e+38 -3.4e+38 -3.4e+38 -3.4e+38 -3.4e+38 -3.4e+38 -3.4e+38 -3.4e+38 -3.4e+38 -3.4e+38 -3.4e+38 -3.4e+38 -3.4e+38 -3.4e+38 -3.4e+38 -3.4e+38 -3.4e+38 -3.4e+38 -3.4e+38 -3.4e+38
-113 -105 -114 -103 -83 -82 -54 -58 -49 -41 -36 -31 -26 -18 -3.4e+38 -3.4e+38 -3.4e+38 -3.4e+38 -3.4e+38 -3.4e+38 -3.4e+38 -3.4e+38 -3.4e+38 -3.4e+38 -3.4e+38 -3.4e+38 -3.4e+38 -3.4e+38 -3.4e+38 -3.4e+38 -3.4e+38 -3.4e+38 -3.4e+38 -3.4e+38 -3.4e+38 -3.4e+38 -3.4e+38 -3.4e+38 -3.4e+38 -3.4e+38 -3.4e+38 -3.4e+38 -3.4e+38 -3.4e+38 -3.4e+38 -3.4e+38 -3.4e+38 -3.4e+38 -3.4e+38 -3.4e+38 -3.4e+38 -3.4e+38 -3.4e+38 -3.4e+38 -3.4e+38 -3.4e+38 -3.4e+38 -3.4e+38 -3.4e+38 -3.4e+38 -3.4e+38 -3.4e+38 -3.4e+38 -3.4e+38 -3.4e+38 -3.4e+38 -3.4e+38 -3.4e+38 -3.4e+38
-124 -166 -114 -108 -90 -70 -58 -47 -75 -48 -43 -35 -25 -11 -3.4e+38 -3.4e+38 -3.4e+38 -3.4e+38 -3.4e+38 -3.4e+38 -3.4e+38 -3.4e+38 -3.4e+38 -3.4e+38 -3.4e+38 -3.4e+38 -3.4e+38 -3.4e+38 -3.4e+38 -3.4e+38 -3.4e+38 -3.4e+38 -3.4e+38 -3.4e+38 -3.4e+38 -3.4e+38 -3.4e+38 -3.4e+38 -3.4e+38 -3.4e+38 -3.4e+38 -3.4e+38 -3.4e+38 -3.4e+38 -3.4e+38 -3.4e+38 -3.4e+38 -3.4e+38 -3.4e+38 -3.4e+38 -3.4e+38 -3.4e+38 -3.4e+38 -3.4e+38 -3.4e+38 -3.4e+38 -3.4e+38 -3.4e+38 -3.4e+38 -3.4e+38 -3.4e+38 -3.4e+38 -3.4e+38 -3.4e+38 -3.4e+38 -3.4e+38 -3.4e+38 -3.4e+38 -3.4e+38
-870 -176 -143 -140 -118 -84 -60 -42 -52 -63 -47 -39 -30 -3.4e+38 -3.4e+38 -3.4e+38 -3.4e+38 -3.4e+38 -3.4e+38 -3.4e+38 -3.4e+38 -3.4e+38 -3.4e+38 -3.4e+38 -3.4e+38 -3.4e+38 -3.4e+38 -3.4e+38 -3.4e+38 -3.4e+38 -3.4e+38 -3.4e+38 -3.4e+38 -3.4e+38 -3.4e+38 -3.4e+38 -3.4e+38 -3.4e+38 -3.4e+38 -3.4e+38 -3.4e+38 -3.4e+38 -3.4e+38 -3.4e+38 -3.4e+38 -3.4e+38 -3.4e+38 -3.4e+38 -3.4e+38 -3.4e+38 -3.4e+38 -3.4e+38 -3.4e+38 -3.4e+38 -3.4e+38 -3.4e+38 -3.4e+38 -3.4e+38 -3.4e+38 -3.4e+38 -3.4e+38 -3.4e+38 -3.4e+38 -3.4e+38 -3.4e+38 -3.4e+38 -3.4e+38 -3.4e+38 -3.4e+38
-3201 -875 -192 -133 -132 -209 -25 -180 -75 -54 -47 -46 -37 -3.4e+38 -20 -18 -3.4e+38 -7 -3.4e+38 -3.4e+38 -3.4e+38 -3.4e+38 -3.4e+38 -3.4e+38 -3.4e+38 -3.4e+38 -3.4e+38 -56 -3.4e+38 -3.4e+38 -3.4e+38 -113 -122 -48 -194 -1148 -862 -1055 -3.4e+38 -3.4e+38 -3.4e+38 -3.4e+38 -3.4e+38 -3.4e+38 -3.4e+38 -3.4e+38 -3.4e+38 -3.4e+38 -3.4e+38 -3.4e+38 -3.4e+38 -3.4e+38 -3.4e+38 -3.4e+38 -3.4e+38 -3.4e+38 -3.4e+38 -3.4e+38 -3.4e+38 -3.4e+38 -3.4e+38 -3.4e+38 -3.4e+38 -3.4e+38 -3.4e+38 -3.4e+38 -3.4e+38 -3.4e+38 -3.4e+38
