AnalysisFolder/EnvironmentalData/Future/rcp8_5/2055/savg.asc
NCOLS 360 
NROWS 90 
XLLCORNER -180 
YLLCORNER 0 
CELLSIZE 1 
NODATA_value -3.4e+38 
[rows 0 to 22 of 90, columns 260 to 311 of 360]
31.8030319213867 31.8013572692871 31.7996940612793 31.7980442047119 31.7976779937744 31.7975330352783 31.7973880767822 31.7972431182861 31.79709815979 31.7969512939453 31.7968063354492 31.7966594696045 31.7965126037598 31.7963676452637 31.7962207794189 31.7960720062256 31.7959251403809 31.7957782745361 31.7956295013428 31.7954807281494 31.7953319549561 31.7951831817627 31.7950344085693 31.794885635376 31.794734954834 31.7945861816406 31.7944355010986 31.7942848205566 31.7941341400146 31.7939834594727 31.7938327789307 31.79368019104 31.7935276031494 31.7933769226074 31.7932243347168 31.7930717468262 31.7929172515869 31.7927646636963 31.792610168457 31.7924575805664 31.7923030853271 31.7921485900879 31.7919940948486 31.7918376922607 31.7916831970215 31.7915267944336 31.7913703918457 31.7912139892578 31.7910575866699 31.790901184082 31.7907428741455 31.790584564209
31.8261775970459 31.823263168335 31.8203659057617 31.8170585632324 31.8130149841309 31.8093433380127 31.8056659698486 31.80198097229 31.7982883453369 31.7945899963379 31.7908840179443 31.7871723175049 31.7834548950195 31.7797527313232 31.7764911651611 31.7732219696045 31.7699432373047 31.7666549682617 31.7633571624756 31.7600498199463 31.7567329406738 31.7534065246582 31.7500705718994 31.7471885681152 31.7443161010742 31.7414302825928 31.7385330200195 31.7356224060059 31.7326984405518 31.7297611236572 31.7268123626709 31.7238616943359 31.7213726043701 31.7188682556152 31.7163505554199 31.7138156890869 31.7112674713135 31.7087020874023 31.7061214447021 31.7035255432129 31.701099395752 31.6989479064941 31.6967792510986 31.6945972442627 31.6923980712891 31.690185546875 31.6879539489746 31.6857089996338 31.6835250854492 31.6817226409912 31.6799087524414 31.6780872344971
31.8639450073242 31.8583736419678 31.8523025512695 31.8452186584473 31.8381328582764 31.8315181732178 31.8248653411865 31.8181743621826 31.8114490509033 31.8046875 31.7979335784912 31.7916660308838 31.7853622436523 31.7790222167969 31.772647857666 31.7662372589111 31.7598495483398 31.7539520263672 31.7480182647705 31.7420501708984 31.7360458374023 31.7300090789795 31.7240428924561 31.7185192108154 31.7129611968994 31.7066555023193 31.7002964019775 31.6938858032227 31.6880474090576 31.6823120117188 31.6765327453613 31.670711517334 31.6648445129395 31.6594829559326 31.6542873382568 31.6490573883057 31.6437892913818 31.638484954834 31.6336517333984 31.629020690918 31.624361038208 31.6196727752686 31.614953994751 31.6106834411621 31.6066093444824 31.6025142669678 31.5983982086182 31.594259262085 31.5905876159668 31.5870800018311 31.5835590362549 31.580020904541
31.9274387359619 31.9172611236572 31.9066219329834 31.896463394165 31.8862285614014 31.8758792877197 31.8654174804688 31.8551292419434 31.8451175689697 31.8350048065186 31.8247909545898 31.8144779205322 31.8046875 31.7948780059814 31.7849769592285 31.7749824523926 31.7646884918213 31.7541122436523 31.7434101104736 31.7325820922852 31.7219715118408 31.7118358612061 31.7015933990479 31.6912403106689 31.6811428070068 31.6715488433838 31.6618595123291 31.6520729064941 31.6425800323486 31.6335754394531 31.6244869232178 31.6153163909912 31.606517791748 31.5981540679932 31.5897216796875 31.5812206268311 31.5732002258301 31.5655174255371 31.5577735900879 31.5499725341797 31.5427703857422 31.5355815887451 31.528356552124 31.5211315155029 31.5148601531982 31.5085678100586 31.502254486084 31.4962348937988 31.4908008575439 31.4853496551514 31.4798812866211 31.475025177002
32.0189819335938 32.0051612854004 31.9910717010498 31.9767189025879 31.9626312255859 31.9484615325928 31.934045791626 31.9194412231445 31.9053039550781 31.8909397125244 31.8763523101807 31.8612480163574 31.8455638885498 31.8295822143555 31.8133373260498 31.7978458404541 31.7820835113525 31.7660541534424 31.750545501709 31.7351627349854 31.7195434570312 31.7040977478027 31.6892318725586 31.6741580963135 31.6588897705078 31.6446895599365 31.630313873291 31.6149559020996 31.6002635955811 31.5857734680176 31.5711326599121 31.5572814941406 31.5438785552979 31.5303535461426 31.517448425293 31.5051975250244 31.4928569793701 31.480993270874 31.4699687957764 31.4588756561279 31.4481143951416 31.4382991790771 31.4284381866455 31.418815612793 31.4102630615234 31.401683807373 31.3932685852051 31.3860054016113 31.3787269592285 31.3715286254883 31.365270614624 31.3590068817139
32.1479988098145 32.1309051513672 32.1133460998535 32.0953216552734 32.0772857666016 32.0588302612305 32.0399208068848 32.0209312438965 32.000545501709 31.9795112609863 31.9585762023926 31.9371738433838 31.9151592254639 31.8935470581055 31.8714485168457 31.8487873077393 31.826868057251 31.8044338226318 31.7816219329834 31.7595806121826 31.7354259490967 31.7112293243408 31.6878719329834 31.6640377044678 31.6407661437988 31.6180381774902 31.5949230194092 31.5730800628662 31.5514259338379 31.52952003479 31.5095539093018 31.4893531799316 31.4695701599121 31.4512004852295 31.4326553344727 31.4152011871338 31.3985805511475 31.3813095092773 31.3656177520752 31.3501815795898 31.3352184295654 31.3219680786133 31.3087120056152 31.2966327667236 31.28542137146 31.2742195129395 31.2647953033447 31.2555046081543 31.246753692627 31.239221572876 31.23171043396 31.2252712249756
32.3228416442871 32.3038139343262 32.2840766906738 32.2635040283203 32.2421569824219 32.2199172973633 32.1967964172363 32.1726913452148 32.1477203369141 32.1218376159668 32.0949478149414 32.067310333252 32.0386428833008 32.0091171264648 31.9784507751465 31.9446506500244 31.9105453491211 31.8753337860107 31.8395328521729 31.8039608001709 31.7672634124756 31.731954574585 31.6961193084717 31.6606140136719 31.6263561248779 31.5913772583008 31.5588607788086 31.524866104126 31.4905261993408 31.4579772949219 31.4254264831543 31.3962268829346 31.3668975830078 31.3398475646973 31.3139724731445 31.2889785766602 31.2665691375732 31.2441482543945 31.2246170043945 31.2055206298828 31.1879138946533 31.1718425750732 31.1561374664307 31.1428508758545 31.1296157836914 31.1183376312256 31.1077423095703 31.0981349945068 31.090030670166 31.082067489624 31.0761280059814 31.070104598999
32.5419235229492 32.5249214172363 32.5019989013672 32.4788932800293 32.4543151855469 32.429801940918 32.4044723510742 32.3778686523438 32.3509368896484 32.3214416503906 32.2893295288086 32.2481117248535 32.2051811218262 32.1601676940918 32.1131477355957 32.0647315979004 32.0143280029297 31.9626846313477 31.9101791381836 31.8564338684082 31.8030948638916 31.7418212890625 31.6816291809082 31.6239528656006 31.5676136016846 31.5151138305664 31.4628410339355 31.4157733917236 31.3687191009521 31.3261299133301 31.2844924926758 31.2460689544678 31.209623336792 31.1752986907959 31.1438674926758 31.1125392913818 31.0842781066895 31.0566482543945 31.0335140228271 31.0106678009033 30.9917831420898 30.9735355377197 30.9582538604736 30.9441204071045 30.9321174621582 30.9216289520264 30.9125957489014 30.9053287506104 30.8989448547363 30.8944301605225 30.8903579711914 30.8881530761719
32.6861000061035 32.6566848754883 32.6274719238281 32.5980606079102 32.5695877075195 32.5421028137207 32.5146217346191 32.4854202270508 32.4542388916016 32.4188232421875 32.3811569213867 32.3350257873535 32.2858352661133 32.2225341796875 32.1549186706543 32.0673751831055 -3.4e+38 31.8572463989258 31.7760486602783 31.7034320831299 31.6353378295898 31.5687503814697 31.5038032531738 31.4408721923828 31.3794250488281 31.3205642700195 31.263500213623 31.2073364257812 31.1524467468262 31.1005954742432 31.0514793395996 31.0056304931641 30.9629383087158 30.9234676361084 30.8873405456543 30.8543033599854 30.8246746063232 30.797945022583 30.7746047973633 30.753870010376 30.7362785339355 30.7209949493408 30.708568572998 30.698127746582 30.6901741027832 30.6834812164307 30.6789951324463 30.6760940551758 30.6750926971436 30.6753559112549 30.6770896911621 30.6798934936523
32.7146224975586 32.68603515625 32.6577758789062 32.6301498413086 32.6004409790039 32.5711975097656 32.5432929992676 32.5182723999023 32.4983673095703 32.4829177856445 32.4739112854004 32.4706001281738 -3.4e+38 -3.4e+38 -3.4e+38 -3.4e+38 -3.4e+38 -3.4e+38 -3.4e+38 31.3234252929688 31.279634475708 31.2361030578613 31.1841354370117 31.1294288635254 31.0700912475586 31.0101013183594 30.9497585296631 30.8904705047607 30.8329696655273 30.7781524658203 30.7260723114014 30.6779861450195 30.6327285766602 30.5922412872314 30.5521450042725 30.5184783935547 30.4868354797363 30.4623565673828 30.4394588470459 30.4234523773193 30.4091758728027 30.400260925293 30.3934307098389 30.3905544281006 30.389835357666 30.3918476104736 30.3959312438965 30.4018154144287 30.4096240997314 30.418586730957 30.4292488098145 30.4405879974365
32.6813087463379 32.6468276977539 32.6125030517578 32.5801048278809 32.5510902404785 32.5238189697266 32.4984703063965 32.4757041931152 32.4550132751465 32.4373779296875 32.4217720031738 32.4106369018555 32.4004440307617 -3.4e+38 -3.4e+38 -3.4e+38 -3.4e+38 -3.4e+38 -3.4e+38 -3.4e+38 -3.4e+38 -3.4e+38 20.5007171630859 30.7833671569824 30.7048377990723 30.6264667510986 30.5547657012939 30.4820308685303 30.4153499603271 30.353572845459 30.2946739196777 30.2421264648438 30.1919269561768 30.1494007110596 30.1101016998291 30.0772533416748 30.0496120452881 30.0271911621094 30.01198387146 30.000301361084 29.9968719482422 29.99560546875 29.9990577697754 30.0054664611816 30.0160541534424 30.0296649932861 30.0455951690674 30.0640659332275 30.0837173461914 30.1051959991455 30.1273937225342 30.1505260467529
32.5774116516113 32.5387077331543 32.5018539428711 32.468318939209 32.4378967285156 32.4104461669922 32.3858528137207 32.3658294677734 32.3487014770508 32.3342971801758 32.3194732666016 32.305736541748 32.2935409545898 32.2839546203613 32.2756805419922 32.2659645080566 -3.4e+38 -3.4e+38 -3.4e+38 -3.4e+38 -3.4e+38 -3.4e+38 -3.4e+38 -3.4e+38 -3.4e+38 -3.4e+38 -3.4e+38 29.9273414611816 29.8676776885986 29.8048324584961 29.7421836853027 29.682300567627 29.6251640319824 29.5678272247314 29.521858215332 29.4806499481201 29.453369140625 29.4329433441162 29.421459197998 29.4198741912842 29.423433303833 29.4379539489746 29.4565315246582 29.4817810058594 29.5116672515869 29.544900894165 29.5810546875 29.6184043884277 29.6563739776611 29.6942291259766 29.7318496704102 29.7680473327637
32.3643074035645 32.3273544311523 32.2848815917969 32.2454566955566 32.2126808166504 32.1840324401855 32.1598434448242 32.1447334289551 32.1347312927246 32.1311187744141 32.1355895996094 32.1480102539062 32.1617851257324 32.179744720459 32.1984558105469 32.2162094116211 32.2329521179199 32.2436370849609 32.2537269592285 32.2598648071289 -3.4e+38 -3.4e+38 -3.4e+38 -3.4e+38 -3.4e+38 -3.4e+38 -3.4e+38 29.5160503387451 29.4265441894531 29.3031787872314 29.1512012481689 28.9784545898438 28.8590221405029 28.7565803527832 28.6821975708008 28.6331214904785 28.5967426300049 28.5905075073242 28.5969295501709 28.6132545471191 28.6368961334229 28.6652984619141 28.6995716094971 28.7382106781006 28.779109954834 28.8407115936279 28.9033050537109 28.9645309448242 29.0218467712402 29.0774364471436 29.1269607543945 29.1717529296875
31.9396743774414 31.9091320037842 31.8827590942383 31.8562316894531 31.8357181549072 31.8210487365723 31.813081741333 31.8176307678223 31.8321304321289 31.8559303283691 31.8869476318359 31.9242706298828 -3.4e+38 -3.4e+38 -3.4e+38 -3.4e+38 -3.4e+38 32.2320175170898 32.2550659179688 32.2723770141602 -3.4e+38 -3.4e+38 -3.4e+38 -3.4e+38 -3.4e+38 -3.4e+38 -3.4e+38 -3.4e+38 -3.4e+38 -3.4e+38 -3.4e+38 -3.4e+38 -3.4e+38 -3.4e+38 27.4782104492188 27.4309253692627 27.4155311584473 27.4198513031006 27.4513149261475 27.4984722137451 27.5516014099121 27.6076221466064 27.6558265686035 27.6992378234863 27.7579650878906 27.8282794952393 27.9096488952637 28.010326385498 28.1060161590576 28.1818599700928 28.2413291931152 28.2922897338867
31.0928382873535 31.0963268280029 31.1225261688232 31.1250305175781 31.1510124206543 31.2298030853271 31.3122138977051 -3.4e+38 -3.4e+38 -3.4e+38 -3.4e+38 -3.4e+38 -3.4e+38 -3.4e+38 -3.4e+38 -3.4e+38 -3.4e+38 -3.4e+38 -3.4e+38 -3.4e+38 -3.4e+38 -3.4e+38 -3.4e+38 -3.4e+38 -3.4e+38 -3.4e+38 -3.4e+38 -3.4e+38 -3.4e+38 -3.4e+38 -3.4e+38 -3.4e+38 -3.4e+38 -3.4e+38 -3.4e+38 26.1580486297607 26.1458320617676 26.1529998779297 26.178991317749 26.2121334075928 26.2560787200928 26.3310451507568 26.4277896881104 26.5481605529785 26.661018371582 26.7672710418701 26.8574981689453 26.9450874328613 27.0285129547119 27.101770401001 27.1761207580566 27.252384185791
30.2605438232422 30.2629833221436 30.2735424041748 30.2845230102539 -3.4e+38 -3.4e+38 -3.4e+38 -3.4e+38 -3.4e+38 -3.4e+38 -3.4e+38 -3.4e+38 -3.4e+38 -3.4e+38 -3.4e+38 -3.4e+38 -3.4e+38 -3.4e+38 -3.4e+38 -3.4e+38 -3.4e+38 -3.4e+38 -3.4e+38 -3.4e+38 -3.4e+38 -3.4e+38 -3.4e+38 -3.4e+38 -3.4e+38 -3.4e+38 -3.4e+38 -3.4e+38 -3.4e+38 -3.4e+38 25.3580322265625 25.3622283935547 25.325740814209 25.2751712799072 25.2201843261719 25.2241802215576 25.2564754486084 25.3156871795654 25.427396774292 25.5651607513428 25.7200450897217 25.8824157714844 26.0192718505859 26.1377105712891 26.2360286712646 26.3328800201416 26.4293651580811 26.5252742767334
-3.4e+38 -3.4e+38 -3.4e+38 -3.4e+38 -3.4e+38 -3.4e+38 -3.4e+38 -3.4e+38 -3.4e+38 -3.4e+38 -3.4e+38 -3.4e+38 -3.4e+38 -3.4e+38 -3.4e+38 -3.4e+38 -3.4e+38 -3.4e+38 -3.4e+38 -3.4e+38 -3.4e+38 -3.4e+38 -3.4e+38 -3.4e+38 -3.4e+38 -3.4e+38 -3.4e+38 -3.4e+38 -3.4e+38 -3.4e+38 -3.4e+38 -3.4e+38 -3.4e+38 -3.4e+38 -3.4e+38 -3.4e+38 -3.4e+38 -3.4e+38 -3.4e+38 -3.4e+38 24.5076675415039 24.5559997558594 -3.4e+38 -3.4e+38 -3.4e+38 -3.4e+38 -3.4e+38 -3.4e+38 -3.4e+38 25.938907623291 26.0286769866943 26.1436061859131
-3.4e+38 -3.4e+38 -3.4e+38 -3.4e+38 -3.4e+38 -3.4e+38 -3.4e+38 -3.4e+38 -3.4e+38 -3.4e+38 -3.4e+38 -3.4e+38 -3.4e+38 -3.4e+38 -3.4e+38 -3.4e+38 -3.4e+38 -3.4e+38 -3.4e+38 -3.4e+38 -3.4e+38 -3.4e+38 -3.4e+38 -3.4e+38 -3.4e+38 -3.4e+38 -3.4e+38 -3.4e+38 -3.4e+38 -3.4e+38 -3.4e+38 -3.4e+38 -3.4e+38 -3.4e+38 -3.4e+38 -3.4e+38 -3.4e+38 -3.4e+38 -3.4e+38 -3.4e+38 -3.4e+38 -3.4e+38 -3.4e+38 -3.4e+38 -3.4e+38 -3.4e+38 -3.4e+38 -3.4e+38 -3.4e+38 -3.4e+38 -3.4e+38 25.9796867370605
-3.4e+38 -3.4e+38 -3.4e+38 -3.4e+38 -3.4e+38 -3.4e+38 -3.4e+38 -3.4e+38 -3.4e+38 -3.4e+38 -3.4e+38 -3.4e+38 -3.4e+38 -3.4e+38 -3.4e+38 -3.4e+38 -3.4e+38 -3.4e+38 -3.4e+38 -3.4e+38 -3.4e+38 -3.4e+38 -3.4e+38 -3.4e+38 -3.4e+38 -3.4e+38 -3.4e+38 -3.4e+38 -3.4e+38 -3.4e+38 -3.4e+38 -3.4e+38 -3.4e+38 -3.4e+38 -3.4e+38 -3.4e+38 -3.4e+38 -3.4e+38 -3.4e+38 -3.4e+38 -3.4e+38 -3.4e+38 -3.4e+38 -3.4e+38 -3.4e+38 -3.4e+38 -3.4e+38 -3.4e+38 -3.4e+38 -3.4e+38 -3.4e+38 -3.4e+38
-3.4e+38 -3.4e+38 -3.4e+38 -3.4e+38 -3.4e+38 -3.4e+38 -3.4e+38 -3.4e+38 -3.4e+38 -3.4e+38 -3.4e+38 -3.4e+38 -3.4e+38 -3.4e+38 -3.4e+38 -3.4e+38 -3.4e+38 -3.4e+38 -3.4e+38 -3.4e+38 -3.4e+38 -3.4e+38 -3.4e+38 -3.4e+38 -3.4e+38 -3.4e+38 -3.4e+38 -3.4e+38 -3.4e+38 -3.4e+38 -3.4e+38 -3.4e+38 -3.4e+38 -3.4e+38 -3.4e+38 -3.4e+38 -3.4e+38 -3.4e+38 -3.4e+38 -3.4e+38 -3.4e+38 -3.4e+38 -3.4e+38 -3.4e+38 -3.4e+38 -3.4e+38 -3.4e+38 -3.4e+38 -3.4e+38 -3.4e+38 -3.4e+38 -3.4e+38
-3.4e+38 -3.4e+38 -3.4e+38 -3.4e+38 -3.4e+38 -3.4e+38 -3.4e+38 -3.4e+38 -3.4e+38 -3.4e+38 -3.4e+38 -3.4e+38 -3.4e+38 -3.4e+38 -3.4e+38 -3.4e+38 -3.4e+38 -3.4e+38 -3.4e+38 -3.4e+38 -3.4e+38 -3.4e+38 -3.4e+38 -3.4e+38 -3.4e+38 -3.4e+38 -3.4e+38 -3.4e+38 -3.4e+38 -3.4e+38 -3.4e+38 -3.4e+38 -3.4e+38 -3.4e+38 -3.4e+38 -3.4e+38 -3.4e+38 -3.4e+38 -3.4e+38 -3.4e+38 -3.4e+38 -3.4e+38 -3.4e+38 -3.4e+38 -3.4e+38 -3.4e+38 -3.4e+38 -3.4e+38 -3.4e+38 -3.4e+38 -3.4e+38 -3.4e+38
-3.4e+38 -3.4e+38 -3.4e+38 -3.4e+38 -3.4e+38 -3.4e+38 -3.4e+38 -3.4e+38 -3.4e+38 -3.4e+38 -3.4e+38 -3.4e+38 -3.4e+38 -3.4e+38 -3.4e+38 -3.4e+38 -3.4e+38 -3.4e+38 -3.4e+38 -3.4e+38 -3.4e+38 -3.4e+38 -3.4e+38 -3.4e+38 -3.4e+38 -3.4e+38 -3.4e+38 -3.4e+38 -3.4e+38 -3.4e+38 -3.4e+38 -3.4e+38 -3.4e+38 -3.4e+38 -3.4e+38 -3.4e+38 -3.4e+38 -3.4e+38 -3.4e+38 -3.4e+38 -3.4e+38 -3.4e+38 -3.4e+38 -3.4e+38 -3.4e+38 -3.4e+38 -3.4e+38 -3.4e+38 -3.4e+38 -3.4e+38 -3.4e+38 -3.4e+38
-3.4e+38 -3.4e+38 -3.4e+38 -3.4e+38 -3.4e+38 -3.4e+38 -3.4e+38 -3.4e+38 -3.4e+38 -3.4e+38 -3.4e+38 -3.4e+38 -3.4e+38 -3.4e+38 -3.4e+38 -3.4e+38 -3.4e+38 -3.4e+38 -3.4e+38 -3.4e+38 -3.4e+38 -3.4e+38 -3.4e+38 -3.4e+38 -3.4e+38 -3.4e+38 -3.4e+38 -3.4e+38 -3.4e+38 -3.4e+38 -3.4e+38 -3.4e+38 -3.4e+38 -3.4e+38 -3.4e+38 -3.4e+38 -3.4e+38 -3.4e+38 -3.4e+38 -3.4e+38 -3.4e+38 -3.4e+38 -3.4e+38 -3.4e+38 -3.4e+38 -3.4e+38 -3.4e+38 -3.4e+38 -3.4e+38 -3.4e+38 -3.4e+38 -3.4e+38
