AnalysisFolder/EnvironmentalData/Future/rcp8_5/2055/savg.asc
NCOLS 360 
NROWS 90 
XLLCORNER -180 
YLLCORNER 0 
CELLSIZE 1 
NODATA_value -3.4e+38 
[rows 0 to 22 of 90, columns 208 to 259 of 360]
31.8532276153564 31.8523197174072 31.851411819458 31.8505039215088 31.8495960235596 31.8486862182617 31.8477764129639 31.846866607666 31.8459548950195 31.845043182373 31.8441295623779 31.8432178497314 31.8423042297363 31.8413887023926 31.8404731750488 31.8395576477051 31.8386421203613 31.8377246856689 31.8368072509766 31.8358898162842 31.8349704742432 31.8340511322021 31.8331317901611 31.8322105407715 31.8312892913818 31.8303680419922 31.8294448852539 31.8285217285156 31.8275966644287 31.8266735076904 31.8257484436035 31.824821472168 31.8238964080811 31.8229694366455 31.8220405578613 31.8211135864258 31.8201847076416 31.8192539215088 31.8183250427246 31.8173942565918 31.8164615631104 31.8155307769775 31.8145980834961 31.813663482666 31.8127307891846 31.8117961883545 31.8108596801758 31.8099250793457 31.808988571167 31.8080501556396 31.8064250946045 31.8047218322754
31.9609527587891 31.9596500396729 31.9583301544189 31.9569931030273 31.9556369781494 31.9542636871338 31.9526710510254 31.9503498077393 31.9480304718018 31.9457149505615 31.9434013366699 31.941089630127 31.9387836456299 31.9364776611328 31.934175491333 31.9318771362305 31.9295806884766 31.9272861480713 31.9249954223633 31.9227066040039 31.9204196929932 31.9181365966797 31.9158554077148 31.9135761260986 31.9113006591797 31.9090270996094 31.9067573547363 31.9044876098633 31.9022216796875 31.8996028900146 31.8961410522461 31.8927001953125 31.8892765045166 31.8858737945557 31.8824882507324 31.8791198730469 31.8757705688477 31.8724384307861 31.8691215515137 31.8658218383789 31.8625392913818 31.8593158721924 31.8562145233154 31.8531322479248 31.8500690460205 31.8470230102539 31.843994140625 31.8409843444824 31.8379898071289 31.8350124359131 31.832052230835 31.8291072845459
32.0791893005371 32.077335357666 32.0754737854004 32.0736083984375 32.0717353820801 32.0698585510254 32.0679779052734 32.066089630127 32.0641937255859 32.0614700317383 32.0582809448242 32.0550994873047 32.0519218444824 32.0487442016602 32.0455703735352 32.0424041748047 32.0392379760742 32.036075592041 32.0329170227051 32.0297622680664 32.026611328125 32.0234603881836 32.0203170776367 32.0159568786621 32.0112838745117 32.0066146850586 32.0019569396973 31.9973030090332 31.9926567077637 31.9880180358887 31.9833831787109 31.9788589477539 31.9743576049805 31.9698657989502 31.9653835296631 31.9609127044678 31.956449508667 31.9518146514893 31.9457130432129 31.939603805542 31.9334869384766 31.9274501800537 31.9216022491455 31.91575050354 31.9098930358887 31.90403175354 31.8981666564941 31.8922958374023 31.8864212036133 31.880651473999 31.8750839233398 31.869514465332
32.2128868103027 32.2111473083496 32.2094116210938 32.2076759338379 32.2059440612793 32.2042121887207 32.2024841308594 32.2007598876953 32.1990356445312 32.1960563659668 32.1928215026855 32.1895751953125 32.1863250732422 32.1830635070801 32.1797943115234 32.1765174865723 32.1732330322266 32.1699409484863 32.1666412353516 32.1618041992188 32.1567878723145 32.1517486572266 32.1467018127441 32.1417083740234 32.1366958618164 32.1316604614258 32.1266098022461 32.1215400695801 32.116455078125 32.1103439331055 32.1033897399902 32.0964202880859 32.0895805358887 32.0826950073242 32.0757751464844 32.0688133239746 32.0618133544922 32.0547752380371 32.0477485656738 32.0408630371094 32.0332412719727 32.024471282959 32.0156135559082 32.0066719055176 31.9978179931641 31.9891033172607 31.9803142547607 31.97145652771 31.9625301361084 31.9535427093506 31.9449005126953 31.9361991882324
32.3583793640137 32.3576278686523 32.3568649291992 32.3560905456543 32.3553085327148 32.3545188903809 32.3537178039551 32.3529090881348 32.3506050109863 32.3482208251953 32.3457984924316 32.343334197998 32.3408317565918 32.3382911682129 32.3357124328613 32.3327255249023 32.3285026550293 32.3242263793945 32.3198852539062 32.3154754638672 32.3109970092773 32.3064613342285 32.3018608093262 32.2968406677246 32.2905006408691 32.2840690612793 32.2775268554688 32.270881652832 32.2641296386719 32.2572822570801 32.2504615783691 32.2435569763184 32.2353134155273 32.2264785766602 32.2174911499023 32.2085304260254 32.1994819641113 32.1902961730957 32.1809730529785 32.171516418457 32.1621627807617 32.1517105102539 32.1403465270996 32.128776550293 32.1172370910645 32.1056442260742 32.0938529968262 32.0818672180176 32.069881439209 32.0579452514648 32.0458221435547 32.0329055786133
32.5104789733887 32.511589050293 32.5126533508301 32.5136680603027 32.5146408081055 32.515567779541 32.5157737731934 32.5153617858887 32.5148506164551 32.5142440795898 32.5135459899902 32.5127601623535 32.5116271972656 32.5094032287598 32.5070190429688 32.5044898986816 32.5018119812012 32.4990043640137 32.4960594177246 32.4920806884766 32.4874153137207 32.482551574707 32.4775161743164 32.4723281860352 32.4669647216797 32.46142578125 32.45458984375 32.4472618103027 32.4397621154785 32.4320526123047 32.4241333007812 32.4160385131836 32.4078254699707 32.3985900878906 32.3883056640625 32.3778305053711 32.3672332763672 32.3563919067383 32.3453063964844 32.3340835571289 32.3227081298828 32.3101844787598 32.2968864440918 32.2835235595703 32.2698593139648 32.2558822631836 32.2417259216309 32.227352142334 32.2126655578613 32.1977043151855 32.1816062927246 32.1650314331055
32.6668357849121 32.6701812744141 32.6734466552734 32.6766357421875 32.6795768737793 32.6821136474609 32.684440612793 32.6866035461426 32.6886138916016 32.6904716491699 32.6916160583496 32.6924743652344 32.6930198669434 32.6933212280273 32.6933937072754 32.692813873291 32.6913871765137 32.6896209716797 32.6875686645508 32.685245513916 32.6826438903809 32.6785430908203 32.6736145019531 32.6685028076172 32.6631546020508 32.6575202941895 32.651668548584 32.6442832946777 32.6357765197754 32.627140045166 32.6183967590332 32.6094741821289 32.6002807617188 32.590633392334 32.5792274475098 32.5676116943359 32.555908203125 32.5441131591797 32.5319442749023 32.519603729248 32.5070190429688 32.493782043457 32.4801979064941 32.4662857055664 32.4519691467285 32.437328338623 32.4223365783691 32.4067802429199 32.3912734985352 32.3753471374512 32.3585662841797 32.3410949707031
32.8272171020508 32.8329811096191 32.8386688232422 32.8443145751953 32.8497200012207 32.8548889160156 32.8598289489746 32.8654975891113 32.8711204528809 32.8762855529785 32.8810081481934 32.8853530883789 32.8890190124512 32.8920097351074 32.8944091796875 32.8963394165039 32.8977661132812 32.8958549499512 32.8932189941406 32.8903350830078 32.88720703125 32.8838119506836 32.8771171569824 32.8690299987793 32.8613433837891 32.8538780212402 32.8466720581055 32.8389053344727 32.8276557922363 32.817081451416 32.806697845459 32.7961502075195 32.7858734130859 32.7750129699707 32.7636032104492 32.7531204223633 32.742733001709 32.7328796386719 32.7232666015625 32.7130432128906 32.7041702270508 32.6944923400879 32.6842460632324 32.6738777160645 32.6618537902832 32.6496200561523 32.6360549926758 32.6208724975586 32.6056747436523 32.590145111084 32.5746536254883 32.5585098266602
32.9946670532227 33.0063018798828 33.016960144043 33.0266990661621 33.0351486206055 33.0427360534668 33.0508079528809 33.059009552002 33.067512512207 33.0781898498535 33.088924407959 33.0996704101562 33.1097869873047 33.1159896850586 33.1192626953125 33.1205215454102 33.1201934814453 33.118221282959 33.1054496765137 33.0927085876465 33.0798568725586 33.0680313110352 33.0553245544434 33.0393333435059 33.0243835449219 33.0097312927246 32.994987487793 32.4463539123535 32.9508972167969 32.9326286315918 32.9187393188477 32.9077453613281 32.8987083435059 32.8948707580566 32.8897666931152 32.8854904174805 32.8801422119141 32.8751487731934 32.8708915710449 32.8678207397461 32.865047454834 32.8611183166504 32.8574104309082 32.8515892028809 32.8451156616211 32.8300132751465 32.8135452270508 32.796329498291 32.7776031494141 32.7589530944824 32.7382888793945 32.7157096862793
33.1355247497559 33.1559066772461 33.173210144043 33.1886367797852 33.2019882202148 33.2142105102539 33.2280006408691 33.2406044006348 33.2523803710938 33.2641143798828 33.2772521972656 33.2908706665039 33.304859161377 33.3190574645996 33.3328514099121 33.3433151245117 33.3511085510254 33.3555107116699 33.3568344116211 33.3616752624512 33.3716468811035 33.3890075683594 25.6451034545898 16.8806552886963 19.0386486053467 29.204626083374 33.2490539550781 31.2679233551025 22.9926433563232 -3.4e+38 -3.4e+38 -3.4e+38 -3.4e+38 -3.4e+38 -3.4e+38 32.9814491271973 32.9838256835938 32.9809074401855 32.9774589538574 32.9728736877441 32.9681091308594 32.9623260498047 32.955135345459 32.9414520263672 32.9232368469238 32.9031143188477 32.881175994873 32.8579902648926 32.8333740234375 32.80517578125 32.774543762207 32.7439613342285
33.2751312255859 33.2889747619629 33.3045539855957 33.3251876831055 33.3450126647949 33.3646240234375 33.3833045959473 33.4013290405273 33.4188957214355 33.4359893798828 33.4547348022461 33.4735145568848 33.4903984069824 33.5066070556641 33.5185928344727 33.5297317504883 33.5411376953125 33.5527877807617 33.5620231628418 33.5692443847656 33.571891784668 33.5676689147949 33.5572319030762 33.543514251709 33.5293922424316 33.5142135620117 33.4920768737793 33.4568328857422 33.4198150634766 33.380313873291 33.3365097045898 33.294116973877 33.2562828063965 33.2213249206543 33.1911163330078 33.1663398742676 33.1445693969727 33.1253318786621 33.1064758300781 33.0888061523438 33.070858001709 33.0502586364746 33.0242233276367 32.9956741333008 32.9646759033203 32.9316253662109 32.898323059082 32.8597259521484 32.8209762573242 32.7836723327637 32.7485542297363 32.7144012451172
33.4564971923828 33.4823951721191 33.505184173584 33.5251846313477 33.5437240600586 33.561653137207 33.5783462524414 33.5934257507324 33.6083106994629 33.6232299804688 33.6389694213867 33.6565818786621 33.6750373840332 33.6939392089844 33.7102432250977 33.7250785827637 33.7370567321777 33.7437019348145 33.7476921081543 33.7510986328125 33.7551155090332 33.7542190551758 33.7417755126953 33.7245178222656 33.6994705200195 33.6670989990234 33.6239204406738 33.5770950317383 33.5346984863281 33.492374420166 33.4671516418457 33.4436569213867 33.4166564941406 33.388916015625 33.363842010498 33.3474159240723 33.3299827575684 33.3080177307129 33.2826080322266 33.2537498474121 33.216438293457 33.1753273010254 33.1300582885742 33.0800819396973 33.025089263916 32.9494438171387 32.8788375854492 32.811351776123 32.7560539245605 32.7050323486328 32.6626358032227 32.6182136535645
33.744743347168 33.7614479064941 33.7789916992188 33.7848129272461 33.7920112609863 33.8008079528809 33.8102264404297 33.8215599060059 33.8337516784668 33.8469543457031 33.8561668395996 33.8657531738281 33.8767929077148 33.8908309936523 33.905345916748 33.9190902709961 33.9289855957031 33.9219665527344 33.9155158996582 33.9088096618652 33.9014167785645 33.8868789672852 33.8716239929199 33.8542442321777 33.8343849182129 33.8086738586426 33.7832527160645 33.7511100769043 33.7165603637695 33.678955078125 33.6528434753418 33.6360893249512 33.6309204101562 33.6191062927246 33.5995826721191 33.5777473449707 33.5547370910645 33.5312271118164 33.48291015625 33.424186706543 33.3562355041504 33.2704429626465 33.1836013793945 33.0608901977539 32.9513549804688 32.8476867675781 32.7526359558105 32.666862487793 32.5827140808105 32.5099334716797 32.449146270752 32.4041366577148
34.1942405700684 34.2076148986816 34.208610534668 34.1841506958008 34.1511192321777 34.121395111084 34.089672088623 34.080265045166 34.0786018371582 34.0776062011719 34.0769691467285 34.0783843994141 34.0751113891602 34.0653305053711 34.0609893798828 34.0598793029785 34.0383262634277 34.0164184570312 33.9977493286133 33.9795379638672 33.955509185791 33.9348983764648 33.9168357849121 33.8977737426758 33.875072479248 33.8543510437012 33.8353843688965 33.8160820007324 33.7974166870117 33.7769432067871 33.7564430236816 -3.4e+38 -3.4e+38 19.4943618774414 28.6036205291748 33.6202392578125 -3.4e+38 -3.4e+38 -3.4e+38 -3.4e+38 -3.4e+38 32.9877853393555 32.8540916442871 32.7120399475098 32.5601463317871 32.4376831054688 32.306884765625 32.2048110961914 32.1226615905762 32.056568145752 32.0092239379883 31.9712963104248
34.6309471130371 34.6255645751953 34.5897560119629 34.5419921875 34.493049621582 34.4413414001465 34.3902435302734 34.3445777893066 34.3040885925293 34.2658348083496 34.2354888916016 34.2071723937988 34.1680183410645 34.1289863586426 34.090705871582 34.0477638244629 34.0097846984863 33.9732475280762 33.9378128051758 33.9036979675293 33.8735008239746 33.8467712402344 33.824462890625 33.8082542419434 33.7984275817871 33.7908134460449 33.7876434326172 33.7831039428711 33.7797393798828 33.7764511108398 -3.4e+38 -3.4e+38 -3.4e+38 -3.4e+38 -3.4e+38 -3.4e+38 -3.4e+38 -3.4e+38 31.8421630859375 31.864049911499 31.8800735473633 31.8974742889404 31.8950023651123 31.8604373931885 31.7673740386963 31.6430110931396 31.5092849731445 31.384838104248 31.2785511016846 31.2047634124756 31.1476802825928 31.1031284332275
34.8731575012207 34.8481178283691 34.8136520385742 34.770191192627 34.7197151184082 34.6684112548828 34.6165390014648 34.5596923828125 34.4980773925781 34.4380989074707 34.377758026123 34.3128814697266 34.2503318786621 34.1856918334961 34.1016006469727 34.0195655822754 33.9454116821289 33.8709373474121 33.8079376220703 33.7603378295898 33.723258972168 33.6961669921875 33.6757621765137 33.6620445251465 33.6563568115234 33.65380859375 -3.4e+38 -3.4e+38 -3.4e+38 -3.4e+38 -3.4e+38 -3.4e+38 31.4381542205811 31.457067489624 31.4729652404785 31.48268699646 31.4769535064697 31.4502620697021 31.423412322998 31.4002132415771 31.3697681427002 31.3213672637939 31.2473812103271 31.1526317596436 31.0298118591309 30.8669376373291 30.7240867614746 30.6014213562012 30.4931125640869 30.4011325836182 30.3213520050049 30.2677516937256
34.979866027832 34.9550361633301 34.9270782470703 34.8838996887207 34.8316955566406 34.7796478271484 34.7175140380859 34.6531066894531 34.5946655273438 34.5214881896973 34.4351997375488 34.3463668823242 34.2519683837891 34.1473159790039 34.0443916320801 33.9421730041504 33.839916229248 33.7444152832031 33.655632019043 33.5727615356445 33.5068016052246 33.4616165161133 33.4455413818359 33.4461402893066 33.453182220459 33.4541320800781 -3.4e+38 -3.4e+38 -3.4e+38 -3.4e+38 31.0533809661865 31.0852890014648 31.1117897033691 31.1208400726318 31.11106300354 31.074010848999 31.0303077697754 30.9852561950684 30.940845489502 30.9097385406494 30.8874187469482 30.8441181182861 30.7189407348633 30.5591335296631 30.390645980835 30.264087677002 30.150972366333 30.0473709106445 29.9538040161133 29.9015655517578 29.8759002685547 29.8996143341064
35.0124816894531 34.9727172851562 34.9224510192871 34.8668975830078 34.8066902160645 34.7351417541504 34.6582183837891 34.5780410766602 34.4902114868164 34.4053573608398 34.3200798034668 34.2187347412109 34.1080856323242 33.9948310852051 33.874683380127 33.7521934509277 33.6343650817871 33.5142822265625 33.3816528320312 33.257755279541 33.1611289978027 33.099552154541 33.0815887451172 33.0728302001953 -3.4e+38 -3.4e+38 -3.4e+38 -3.4e+38 30.7598171234131 30.7787494659424 30.7907848358154 30.7774353027344 30.7258243560791 30.6149101257324 30.4666271209717 30.3787593841553 30.3266716003418 30.2537097930908 30.2344589233398 30.2524318695068 -3.4e+38 -3.4e+38 -3.4e+38 -3.4e+38 -3.4e+38 -3.4e+38 -3.4e+38 -3.4e+38 -3.4e+38 -3.4e+38 -3.4e+38 -3.4e+38
35.0218887329102 34.9534797668457 34.8773002624512 34.7950706481934 34.7033882141113 34.6137351989746 34.5204811096191 34.4292984008789 34.3419876098633 34.2451362609863 34.1180801391602 33.988899230957 33.8572769165039 33.7116889953613 33.5675277709961 33.4216575622559 33.2733612060547 33.123176574707 32.966724395752 32.807373046875 32.6440620422363 32.4786682128906 32.3173370361328 -3.4e+38 -3.4e+38 -3.4e+38 -3.4e+38 -3.4e+38 30.6134357452393 30.6137504577637 30.5616760253906 30.4351100921631 30.2326030731201 29.9388885498047 29.6888008117676 29.4906215667725 29.3376064300537 29.2437744140625 29.2112827301025 -3.4e+38 -3.4e+38 -3.4e+38 -3.4e+38 -3.4e+38 -3.4e+38 -3.4e+38 -3.4e+38 -3.4e+38 -3.4e+38 -3.4e+38 -3.4e+38 -3.4e+38
-3.4e+38 -3.4e+38 -3.4e+38 34.5651702880859 34.4902153015137 34.3961868286133 34.2786674499512 34.1447982788086 33.981632232666 33.8349075317383 33.6946792602539 33.5447578430176 33.4076232910156 33.2743721008301 33.1511840820312 33.0300827026367 32.9013824462891 32.7616577148438 32.6132774353027 32.4447326660156 32.2526512145996 32.0674629211426 31.8920345306396 31.7220115661621 31.5648708343506 31.4081497192383 -3.4e+38 -3.4e+38 -3.4e+38 -3.4e+38 -3.4e+38 30.2625579833984 29.7959537506104 29.422758102417 29.0966701507568 28.8071975708008 28.5735092163086 28.4187793731689 -3.4e+38 -3.4e+38 -3.4e+38 -3.4e+38 -3.4e+38 -3.4e+38 -3.4e+38 -3.4e+38 -3.4e+38 -3.4e+38 -3.4e+38 -3.4e+38 -3.4e+38 -3.4e+38
-3.4e+38 -3.4e+38 -3.4e+38 -3.4e+38 -3.4e+38 34.2237892150879 -3.4e+38 -3.4e+38 33.5378227233887 33.2109336853027 32.9719047546387 32.810619354248 32.7365837097168 32.6746788024902 32.6252975463867 32.5793151855469 32.5255584716797 32.4580764770508 32.3744850158691 30.8480930328369 14.9909639358521 23.5551052093506 31.7111625671387 31.600399017334 31.459831237793 31.3074798583984 31.1802673339844 31.0867805480957 31.0122909545898 30.9823036193848 30.9594821929932 -3.4e+38 -3.4e+38 -3.4e+38 -3.4e+38 -3.4e+38 -3.4e+38 -3.4e+38 -3.4e+38 -3.4e+38 -3.4e+38 -3.4e+38 -3.4e+38 -3.4e+38 -3.4e+38 -3.4e+38 -3.4e+38 -3.4e+38 -3.4e+38 -3.4e+38 -3.4e+38 -3.4e+38
-3.4e+38 -3.4e+38 -3.4e+38 -3.4e+38 -3.4e+38 -3.4e+38 -3.4e+38 -3.4e+38 -3.4e+38 -3.4e+38 -3.4e+38 -3.4e+38 31.9773445129395 31.9167079925537 31.8871002197266 31.9222717285156 -3.4e+38 26.8582134246826 32.135856628418 32.0890731811523 32.0032768249512 31.9101791381836 21.8521041870117 -3.4e+38 -3.4e+38 -3.4e+38 -3.4e+38 -3.4e+38 -3.4e+38 -3.4e+38 -3.4e+38 -3.4e+38 -3.4e+38 -3.4e+38 -3.4e+38 -3.4e+38 -3.4e+38 -3.4e+38 -3.4e+38 -3.4e+38 -3.4e+38 -3.4e+38 -3.4e+38 -3.4e+38 -3.4e+38 -3.4e+38 -3.4e+38 -3.4e+38 -3.4e+38 -3.4e+38 -3.4e+38 -3.4e+38
-3.4e+38 -3.4e+38 -3.4e+38 -3.4e+38 -3.4e+38 -3.4e+38 -3.4e+38 -3.4e+38 -3.4e+38 -3.4e+38 -3.4e+38 -3.4e+38 -3.4e+38 31.3421783447266 -3.4e+38 -3.4e+38 -3.4e+38 -3.4e+38 31.9798526763916 -3.4e+38 -3.4e+38 -3.4e+38 -3.4e+38 -3.4e+38 -3.4e+38 -3.4e+38 -3.4e+38 -3.4e+38 -3.4e+38 -3.4e+38 -3.4e+38 -3.4e+38 -3.4e+38 -3.4e+38 -3.4e+38 -3.4e+38 -3.4e+38 -3.4e+38 -3.4e+38 -3.4e+38 -3.4e+38 -3.4e+38 -3.4e+38 -3.4e+38 -3.4e+38 -3.4e+38 -3.4e+38 -3.4e+38 -3.4e+38 -3.4e+38 -3.4e+38 -3.4e+38
