AnalysisFolder/EnvironmentalData/Future/rcp8_5/2055/savg.asc
NCOLS 360 
NROWS 90 
XLLCORNER -180 
YLLCORNER 0 
CELLSIZE 1 
NODATA_value -3.4e+38 
[rows 0 to 22 of 90, columns 156 to 207 of 360]
31.8677825927734 31.8679828643799 31.8681812286377 31.8683795928955 31.8684463500977 31.8684425354004 31.8684368133545 31.86842918396 31.8684177398682 31.8684043884277 31.86838722229 31.8683700561523 31.8683490753174 31.8683242797852 31.8682994842529 31.8682708740234 31.8682403564453 31.8682079315186 31.8681735992432 31.8681373596191 31.8680973052979 31.8680553436279 31.8680114746094 31.8679656982422 31.8679180145264 31.8678684234619 31.8678150177002 31.8677616119385 31.8677043914795 31.8676471710205 31.8675861358643 31.867525100708 31.8674602508545 31.8673934936523 31.8672695159912 31.867000579834 31.8667221069336 31.8664321899414 31.8658561706543 31.8649578094482 31.8640594482422 31.8631610870361 31.8622608184814 31.8613605499268 31.8604583740234 31.8595581054688 31.8586540222168 31.8577518463135 31.8568477630615 31.8559436798096 31.8550395965576 31.854133605957
31.9800453186035 31.9805431365967 31.9810237884521 31.9814910888672 31.9819412231445 31.9823780059814 31.9827995300293 31.9831504821777 31.9834327697754 31.983699798584 31.9839477539062 31.9841804504395 31.984395980835 31.9845962524414 31.9847640991211 31.9848461151123 31.9849090576172 31.9849548339844 31.9849815368652 31.9849910736084 31.9849815368652 31.9849548339844 31.9848766326904 31.984748840332 31.9846019744873 31.9844379425049 31.9842529296875 31.9840488433838 31.9838275909424 31.9835872650146 31.983304977417 31.9829845428467 31.98264503479 31.9822330474854 31.9812812805176 31.9803123474121 31.9793281555176 31.9783229827881 31.9773025512695 31.9762630462646 31.9752044677734 31.9741268157959 31.9730319976807 31.9719009399414 31.9707508087158 31.9695854187012 31.9684028625488 31.9672031402588 31.9659881591797 31.9647541046143 31.9635047912598 31.9622364044189
32.0798721313477 32.0811309814453 32.0823669433594 32.0835571289062 32.0847206115723 32.085865020752 32.086986541748 32.088077545166 32.0891494750977 32.0901985168457 32.0912322998047 32.0922431945801 32.0932388305664 32.0938568115234 32.0943450927734 32.0948028564453 32.0952415466309 32.0956573486328 32.0960502624512 32.0964202880859 32.0967674255371 32.097095489502 32.0974044799805 32.0976982116699 32.0979766845703 32.0982437133789 32.0984916687012 32.0987243652344 32.0989379882812 32.0991668701172 32.0993843078613 32.0995903015137 32.099250793457 32.0986366271973 32.0980072021484 32.0973701477051 32.0967254638672 32.0960655212402 32.0953979492188 32.0947189331055 32.0940246582031 32.093318939209 32.092601776123 32.0918731689453 32.0911598205566 32.090446472168 32.0897254943848 32.08837890625 32.086555480957 32.0847206115723 32.0828819274902 32.0810394287109
32.1670608520508 32.1690788269043 32.171070098877 32.1730537414551 32.1750030517578 32.1769256591797 32.178825378418 32.1806907653809 32.1825332641602 32.1843490600586 32.1861572265625 32.1879577636719 32.1897468566895 32.1915473937988 32.1933479309082 32.195140838623 32.1969833374023 32.1988296508789 32.2001533508301 32.2012939453125 32.2024459838867 32.2035980224609 32.2047729492188 32.2059898376465 32.207218170166 32.2084579467773 32.2097434997559 32.2110786437988 32.2124290466309 32.213794708252 32.2148628234863 32.2153091430664 32.2157669067383 32.2162322998047 32.2167129516602 32.2172050476074 32.2177543640137 32.2183303833008 32.2189254760742 32.2195358276367 32.2201690673828 32.2200355529785 32.2195053100586 32.2190055847168 32.2185249328613 32.2180557250977 32.2175979614258 32.217155456543 32.2167205810547 32.2163009643555 32.215892791748 32.2146263122559
32.2352447509766 32.2383041381836 32.2413864135742 32.2445259094238 32.247745513916 32.2510452270508 32.2544174194336 32.2579154968262 32.2614059448242 32.2640838623047 32.2667999267578 32.26953125 32.2723236083984 32.2751846313477 32.278133392334 32.2811965942383 32.2843780517578 32.2876930236816 32.2911911010742 32.2946281433105 32.297119140625 32.2997093200684 32.3023910522461 32.3052139282227 32.3081474304199 32.3111839294434 32.3143730163574 32.3177070617676 32.3209686279297 32.3231353759766 32.3254165649414 32.3277740478516 32.330207824707 32.3327140808105 32.3353233337402 32.3380432128906 32.3408432006836 32.3424110412598 32.3439636230469 32.3455657958984 32.347225189209 32.3489570617676 32.3507423400879 32.3525810241699 32.3542175292969 32.3547706604004 32.3553428649902 32.3559341430664 32.3565483093262 32.3571853637695 32.3578414916992 32.3585205078125
32.2749786376953 32.278881072998 32.2825660705566 32.2862968444824 32.2900848388672 32.2938995361328 32.2976837158203 32.3016548156738 32.3057746887207 32.3100929260254 32.314640045166 32.3193435668945 32.3237533569336 32.3283538818359 32.3331565856934 32.3381118774414 32.343189239502 32.3485450744629 32.3541793823242 32.3601303100586 32.3655853271484 32.3713188171387 32.3774795532227 32.3838882446289 32.3905944824219 32.3976402282715 32.404914855957 32.4100608825684 32.4153709411621 32.4208526611328 32.4265022277832 32.4323501586914 32.4384231567383 32.4438667297363 32.4483604431152 32.4529609680176 32.4576644897461 32.462516784668 32.4674797058105 32.472339630127 32.4758834838867 32.4794769287109 32.4831199645996 32.4868087768555 32.4905433654785 32.4943199157715 32.4968414306641 32.4992828369141 32.5017242431641 32.5041656494141 32.5066070556641 32.5090484619141
32.3048400878906 32.3051338195801 32.3064918518066 32.3088989257812 32.3122215270996 32.3162879943848 32.3209495544434 32.3259239196777 32.3312110900879 32.3368034362793 32.3427391052246 32.3490104675293 32.3555717468262 32.3620834350586 32.3689041137695 32.3760681152344 32.3836936950684 32.3917198181152 32.4002113342285 32.4090728759766 32.4184417724609 32.4282875061035 32.4386558532715 32.4494514465332 32.460693359375 32.4706649780273 32.4806632995605 32.4909019470215 32.5014381408691 32.5122184753418 32.5221710205078 32.5311431884766 32.5403327941895 32.5496978759766 32.5592269897461 32.5684356689453 32.5760803222656 32.5838012695312 32.5915985107422 32.5994682312012 32.6073265075684 32.6133308410645 32.6193428039551 32.625358581543 32.6313819885254 32.6374053955078 32.6420860290527 32.6465339660645 32.6509399414062 32.6553115844727 32.6596488952637 32.6634063720703
-3.4e+38 -3.4e+38 -3.4e+38 -3.4e+38 32.3259391784668 32.3293037414551 32.334056854248 32.3402900695801 32.3478050231934 32.3559379577637 32.364616394043 32.373722076416 32.3832130432129 32.3925704956055 32.4019927978516 32.4117965698242 32.4218254089355 32.4320526123047 32.4436569213867 32.4564628601074 32.4697914123535 32.4836044311523 32.4977951049805 32.5126190185547 32.5277786254883 32.5432243347168 32.5589942932129 32.5745887756348 32.5892219543457 32.6040420532227 32.6190376281738 32.6342086791992 32.6475486755371 32.6605377197266 32.6735954284668 32.6867218017578 32.6988143920898 32.7092323303223 32.719654083252 32.7300758361816 32.7405052185059 32.7488327026367 32.7570419311523 32.7652168273926 32.7733497619629 32.7810401916504 32.7882080078125 32.7952117919922 32.8020973205566 32.8088722229004 32.8151626586914 32.8212776184082
-3.4e+38 -3.4e+38 -3.4e+38 -3.4e+38 -3.4e+38 -3.4e+38 -3.4e+38 -3.4e+38 -3.4e+38 -3.4e+38 -3.4e+38 -3.4e+38 32.4733924865723 32.4792442321777 32.483699798584 32.4870796203613 32.4895858764648 32.5016937255859 32.5140495300293 32.5264434814453 32.5389022827148 32.5556335449219 32.5727500915527 32.5900344848633 32.6077156066895 32.6279182434082 32.6482887268066 32.6688270568848 32.6890144348145 32.7061347961426 32.723258972168 32.7403869628906 32.7569541931152 32.7719345092773 32.786922454834 32.8019256591797 32.8156242370605 32.8275566101074 32.8395385742188 32.8515586853027 32.8627090454102 32.8730773925781 32.8834342956543 32.8937797546387 32.9050941467285 32.9165077209473 32.9276275634766 32.9385108947754 32.9501876831055 32.9619636535645 32.972957611084 32.9833641052246
-3.4e+38 -3.4e+38 -3.4e+38 -3.4e+38 -3.4e+38 -3.4e+38 -3.4e+38 -3.4e+38 -3.4e+38 -3.4e+38 32.5543403625488 32.5571098327637 32.5607223510742 32.5663108825684 32.5736656188965 32.5811347961426 32.5885963439941 32.5967674255371 32.6064910888672 32.6225280761719 32.6390495300293 32.6559753417969 32.6785583496094 32.7037773132324 32.7293167114258 32.7561454772949 32.7855415344238 32.815013885498 32.8445587158203 32.8651885986328 32.8845977783203 32.9039001464844 32.9173278808594 32.9247512817383 32.932559967041 32.9402160644531 32.9372367858887 32.9358787536621 32.9361724853516 32.9369583129883 32.9388732910156 32.9425735473633 -3.4e+38 32.9553031921387 32.9639358520508 32.9738273620605 32.9920043945312 33.0173759460449 33.041316986084 33.063907623291 33.0891342163086 33.1133003234863
-3.4e+38 -3.4e+38 -3.4e+38 -3.4e+38 -3.4e+38 -3.4e+38 -3.4e+38 32.5238647460938 32.5345649719238 32.547550201416 32.5621795654297 32.5778121948242 32.5941848754883 32.6123542785645 32.632152557373 32.6522483825684 32.671947479248 32.6911697387695 32.7108917236328 32.734016418457 32.7618789672852 32.7898712158203 32.8231925964355 32.8652114868164 32.9069709777832 32.9524993896484 33.0050048828125 33.0565299987793 33.1053619384766 33.1480369567871 33.1883659362793 33.2235412597656 33.2451477050781 33.2642059326172 -3.4e+38 -3.4e+38 -3.4e+38 -3.4e+38 -3.4e+38 -3.4e+38 -3.4e+38 -3.4e+38 -3.4e+38 -3.4e+38 -3.4e+38 -3.4e+38 -3.4e+38 -3.4e+38 -3.4e+38 -3.4e+38 -3.4e+38 33.261646270752
-3.4e+38 -3.4e+38 -3.4e+38 -3.4e+38 -3.4e+38 32.4870491027832 32.5039672851562 32.5238609313965 32.5490188598633 32.5803108215332 32.6124649047852 32.6428375244141 32.6720848083496 32.7017631530762 32.7297019958496 32.7574272155762 32.7861175537109 32.819164276123 32.8519897460938 32.8897476196289 32.9332466125488 32.976203918457 33.0324058532715 33.0931358337402 33.1529655456543 33.2371025085449 33.3208961486816 33.4070053100586 33.508056640625 33.605037689209 33.7006340026855 33.7964820861816 33.8838081359863 33.9698104858398 34.078685760498 -3.4e+38 -3.4e+38 -3.4e+38 -3.4e+38 -3.4e+38 -3.4e+38 -3.4e+38 -3.4e+38 -3.4e+38 -3.4e+38 -3.4e+38 -3.4e+38 33.3058853149414 33.3328323364258 33.3702964782715 33.400562286377 33.4272689819336
-3.4e+38 -3.4e+38 -3.4e+38 -3.4e+38 -3.4e+38 -3.4e+38 32.5185546875 32.550594329834 32.5826835632324 32.623420715332 32.6640510559082 32.7065849304199 32.7504577636719 32.7943840026855 32.841869354248 32.8882369995117 32.9348793029785 32.9809684753418 33.0272941589355 33.0852584838867 33.1420059204102 33.2093772888184 33.2838897705078 33.3583908081055 33.4545249938965 33.5497970581055 33.6524314880371 33.7646522521973 33.8770370483398 33.9934234619141 34.112606048584 34.2300643920898 34.3341827392578 34.4385528564453 34.5244483947754 34.5855102539062 34.6381492614746 -3.4e+38 -3.4e+38 -3.4e+38 -3.4e+38 -3.4e+38 33.9533309936523 -3.4e+38 -3.4e+38 -3.4e+38 -3.4e+38 -3.4e+38 33.701301574707 33.6996421813965 33.7098808288574 33.7253837585449
-3.4e+38 -3.4e+38 -3.4e+38 -3.4e+38 -3.4e+38 -3.4e+38 32.5593643188477 32.6009941101074 32.6487693786621 32.7023429870605 32.7556190490723 32.809455871582 32.8617095947266 32.9159240722656 32.9701728820801 33.0283851623535 33.0883369445801 33.1512985229492 33.2236289978027 33.2943954467773 33.3790435791016 33.4639358520508 33.5558166503906 33.6554489135742 33.7553596496582 33.8638038635254 33.9733657836914 34.0811233520508 34.1887702941895 34.2963027954102 34.3907737731934 34.4869117736816 34.5718193054199 34.6473083496094 34.7227249145508 34.771541595459 34.8153877258301 34.8425064086914 34.8362083435059 34.8172645568848 -3.4e+38 -3.4e+38 -3.4e+38 34.376781463623 34.3187103271484 34.2702522277832 34.2231826782227 34.1946716308594 34.1786804199219 34.1757621765137 34.1764755249023 34.1808242797852
-3.4e+38 -3.4e+38 -3.4e+38 -3.4e+38 -3.4e+38 32.5448265075684 32.5800323486328 32.6350631713867 32.6995048522949 32.7685699462891 32.8408699035645 32.9103164672852 32.9776992797852 33.0438232421875 33.116584777832 33.1873588562012 33.2677154541016 33.3489151000977 33.4372978210449 33.5305366516113 33.6272392272949 33.731201171875 33.8352279663086 33.9438819885254 34.0519332885742 34.1563377380371 34.2589950561523 34.3576889038086 34.4469184875488 34.536205291748 34.6113471984863 34.6845092773438 34.751537322998 34.8099594116211 34.868106842041 34.9126091003418 34.9522399902344 34.9803009033203 34.9864883422852 34.9815788269043 34.9461936950684 34.8905220031738 34.8282508850098 34.7769165039062 34.7230186462402 34.6716384887695 34.628532409668 34.5912857055664 34.5822105407715 34.600399017334 34.6253776550293 34.6342010498047
-3.4e+38 -3.4e+38 -3.4e+38 -3.4e+38 -3.4e+38 32.6892738342285 32.7045669555664 32.7288131713867 32.7825126647949 32.8464508056641 32.9278335571289 33.0115852355957 33.1007804870605 33.1871070861816 33.2771110534668 33.3661079406738 33.4596138000488 33.5550575256348 33.6542205810547 33.7578086853027 33.8635520935059 33.9740562438965 34.0850486755371 34.1937637329102 34.3019981384277 34.402587890625 34.4982528686523 34.5865745544434 34.664608001709 34.7399749755859 34.8000946044922 34.8594245910645 34.909969329834 34.9556198120117 34.9984283447266 35.0310134887695 35.0622253417969 35.083911895752 35.0993766784668 35.1072044372559 35.0960655212402 35.0750732421875 35.0464477539062 35.0176544189453 34.9912643432617 34.9734573364258 34.9583206176758 34.9475631713867 34.9315719604492 34.9212112426758 34.9109039306641 34.8915672302246
-3.4e+38 -3.4e+38 -3.4e+38 -3.4e+38 -3.4e+38 32.660530090332 32.7203826904297 32.7914505004883 32.8698272705078 32.9560813903809 33.0492248535156 33.1440353393555 33.243034362793 33.3423652648926 33.445240020752 33.5466804504395 33.6531105041504 33.7585105895996 33.8679237365723 33.9781150817871 34.0891418457031 34.2003440856934 34.309139251709 34.4139099121094 34.5154113769531 34.6058464050293 34.6933364868164 34.7668533325195 34.8357124328613 34.8945732116699 34.9448585510254 34.9911155700684 35.0271415710449 35.0627746582031 35.0905952453613 35.115608215332 35.1361694335938 35.1495170593262 35.1612396240234 35.1644477844238 35.1620216369629 35.1540184020996 35.1420936584473 35.131103515625 35.1189308166504 35.1039047241211 35.0880966186523 35.0693435668945 35.0514869689941 35.0351982116699 35.0182418823242 35.0008277893066
-3.4e+38 -3.4e+38 32.4715118408203 32.5301246643066 32.6165313720703 32.7050437927246 32.7969970703125 32.8926963806152 32.9883155822754 33.0886154174805 33.1892547607422 33.2937660217285 33.3990364074707 33.5090522766113 33.6193962097168 33.7335739135742 33.8486709594727 33.9652252197266 34.0817070007324 34.1964645385742 34.3088760375977 34.4184455871582 34.5206527709961 34.6201400756836 34.707347869873 34.7899322509766 34.8606300354004 34.9223327636719 34.9759902954102 35.0181770324707 35.057502746582 35.0849456787109 35.1111373901367 35.1314659118652 35.1485023498535 35.163402557373 35.1716537475586 35.1794395446777 35.1817398071289 35.1819801330566 35.1805686950684 35.1759071350098 35.1696586608887 35.1615371704102 35.1521034240723 35.1421203613281 35.1274261474609 35.1130752563477 35.100513458252 35.0879669189453 35.0712699890137 35.0460433959961
-3.4e+38 -3.4e+38 -3.4e+38 32.5302238464355 32.6401634216309 32.7636985778809 32.8829383850098 33.0027618408203 33.1231918334961 33.2458190917969 33.3655014038086 33.4794044494629 33.592601776123 33.7035064697266 33.8188056945801 33.935863494873 34.0552558898926 34.1750526428223 34.2922210693359 34.4055252075195 34.5148048400879 34.6155815124512 34.7120513916016 34.7949295043945 34.872730255127 34.938289642334 34.9958229064941 35.0447082519531 35.0830841064453 35.1164779663086 35.1382293701172 35.1574554443359 35.1690902709961 35.1775894165039 35.1828918457031 35.1832580566406 35.1833000183105 35.1779556274414 35.172435760498 35.1670875549316 35.1645240783691 35.1643180847168 35.1595764160156 35.1533050537109 35.1472778320312 35.1405258178711 35.1332855224609 35.1261138916016 35.1180992126465 35.1076507568359 35.089111328125 35.0625495910645
-3.4e+38 -3.4e+38 32.541332244873 32.6091194152832 32.7038764953613 32.8311767578125 32.9758338928223 33.1206398010254 33.268928527832 33.4097175598145 33.5488548278809 33.6854782104492 33.817008972168 33.9426345825195 34.0603408813477 34.1719169616699 34.2847938537598 34.3966636657715 34.5067863464355 34.6104583740234 34.7075538635254 34.7974700927734 34.8765106201172 34.9493827819824 35.007453918457 35.060001373291 35.1003456115723 35.1336097717285 35.1591262817383 35.1761856079102 35.18994140625 35.1943016052246 35.1970748901367 35.1937828063965 35.1877937316895 35.1804847717285 35.169605255127 35.1583290100098 35.143180847168 35.1279144287109 35.1152496337891 35.114860534668 35.117301940918 35.118766784668 35.1177978515625 -3.4e+38 -3.4e+38 -3.4e+38 -3.4e+38 -3.4e+38 -3.4e+38 -3.4e+38
-3.4e+38 29.3174839019775 32.7002105712891 32.8243980407715 32.9412879943848 33.0522727966309 33.1736221313477 33.3130302429199 33.4635009765625 33.6125068664551 33.7571907043457 33.8977699279785 34.0344085693359 34.163761138916 34.2867622375488 34.4004173278809 34.5053825378418 34.6063041687012 34.7033576965332 34.7974548339844 34.8798866271973 34.955997467041 35.019905090332 35.0739059448242 35.1182708740234 35.1506729125977 35.1778221130371 35.1919326782227 35.2021522521973 35.2042007446289 35.2012748718262 35.1953201293945 35.183219909668 35.1713066101074 35.1553535461426 35.1392974853516 35.1213684082031 35.102237701416 35.0864486694336 35.0739364624023 35.0644340515137 -3.4e+38 -3.4e+38 -3.4e+38 -3.4e+38 -3.4e+38 -3.4e+38 -3.4e+38 -3.4e+38 -3.4e+38 -3.4e+38 -3.4e+38
32.9830932617188 33.0463218688965 33.1249046325684 33.2313842773438 33.3369140625 33.4427261352539 33.5317840576172 33.6238136291504 33.7426338195801 33.869270324707 33.9953384399414 34.122989654541 34.2496376037598 34.3710250854492 34.4871482849121 34.5966491699219 34.6981163024902 34.7932548522949 34.8791923522949 34.958984375 35.0282936096191 35.0870933532715 35.1362800598145 35.171215057373 35.1987266540527 35.2134323120117 35.2206077575684 35.2192344665527 35.2092170715332 35.1959609985352 35.1738471984863 35.1502304077148 35.1255912780762 35.1033325195312 35.0840187072754 35.0623588562012 35.043586730957 35.0185737609863 34.9955368041992 -3.4e+38 -3.4e+38 -3.4e+38 -3.4e+38 -3.4e+38 -3.4e+38 -3.4e+38 -3.4e+38 -3.4e+38 -3.4e+38 -3.4e+38 -3.4e+38 -3.4e+38
33.6385116577148 33.6738243103027 33.6866645812988 33.7042694091797 33.7480583190918 33.7952308654785 33.8530006408691 33.9226112365723 33.9975433349609 34.1057243347168 34.2327690124512 34.3586959838867 34.4798889160156 34.595157623291 34.7013397216797 34.7990264892578 34.8878593444824 34.9694480895996 35.0405044555664 35.103157043457 35.1558036804199 35.1964683532715 35.2284774780273 35.246021270752 35.2537841796875 35.2507667541504 35.2375297546387 35.2184524536133 35.1903495788574 35.1602821350098 35.1256370544434 35.0876541137695 35.0486793518066 35.0088653564453 34.9878158569336 34.9585647583008 34.9333076477051 -3.4e+38 -3.4e+38 -3.4e+38 -3.4e+38 -3.4e+38 -3.4e+38 -3.4e+38 -3.4e+38 -3.4e+38 -3.4e+38 -3.4e+38 -3.4e+38 -3.4e+38 -3.4e+38 -3.4e+38
