AnalysisFolder/EnvironmentalData/Future/rcp8_5/2055/savg.asc
NCOLS 360 
NROWS 90 
XLLCORNER -180 
YLLCORNER 0 
CELLSIZE 1 
NODATA_value -3.4e+38 
[rows 23 to 45 of 90, columns 104 to 155 of 360]
24.1798896789551 24.0886974334717 -3.4e+38 -3.4e+38 -3.4e+38 -3.4e+38 -3.4e+38 -3.4e+38 -3.4e+38 -3.4e+38 -3.4e+38 -3.4e+38 -3.4e+38 -3.4e+38 -3.4e+38 32.1242294311523 32.2304611206055 32.372989654541 32.5260734558105 32.6365432739258 32.7122688293457 32.7957649230957 -3.4e+38 -3.4e+38 -3.4e+38 -3.4e+38 -3.4e+38 -3.4e+38 -3.4e+38 -3.4e+38 -3.4e+38 -3.4e+38 -3.4e+38 -3.4e+38 -3.4e+38 -3.4e+38 -3.4e+38 -3.4e+38 -3.4e+38 -3.4e+38 -3.4e+38 -3.4e+38 32.8726081848145 32.9716110229492 33.1497459411621 33.401912689209 33.6384010314941 33.7772445678711 33.9582061767578 34.1846351623535 34.3696823120117 34.4649543762207
24.1698589324951 -3.4e+38 -3.4e+38 -3.4e+38 -3.4e+38 -3.4e+38 -3.4e+38 -3.4e+38 -3.4e+38 -3.4e+38 -3.4e+38 -3.4e+38 -3.4e+38 17.0813140869141 32.1492538452148 32.2634620666504 32.4000473022461 32.5820579528809 32.8260345458984 33.0546493530273 33.2336158752441 33.3919525146484 33.533576965332 -3.4e+38 -3.4e+38 -3.4e+38 -3.4e+38 -3.4e+38 -3.4e+38 -3.4e+38 -3.4e+38 -3.4e+38 -3.4e+38 -3.4e+38 -3.4e+38 -3.4e+38 -3.4e+38 -3.4e+38 33.225170135498 33.2462387084961 33.2854919433594 33.4449424743652 33.6823234558105 34.0112037658691 34.3534812927246 34.6493453979492 34.9332275390625 35.1245574951172 35.2384452819824 35.2793159484863 35.2834320068359 18.1725788116455
-3.4e+38 -3.4e+38 -3.4e+38 -3.4e+38 -3.4e+38 -3.4e+38 -3.4e+38 -3.4e+38 -3.4e+38 -3.4e+38 -3.4e+38 31.4547691345215 32.1484718322754 32.2352981567383 32.3479614257812 32.5175476074219 32.7378578186035 33.0084075927734 33.3345832824707 33.7016754150391 34.0044860839844 34.1982460021973 34.3045082092285 -3.4e+38 -3.4e+38 -3.4e+38 -3.4e+38 -3.4e+38 -3.4e+38 -3.4e+38 -3.4e+38 -3.4e+38 -3.4e+38 -3.4e+38 -3.4e+38 -3.4e+38 33.2936363220215 33.4658393859863 33.7705383300781 34.0553207397461 34.2854804992676 34.5234375 34.8145523071289 35.0595893859863 35.2314529418945 35.3390464782715 35.4042053222656 35.4526176452637 35.4829139709473 35.4908065795898 35.4834327697754 35.4819831848145
26.0663986206055 26.4523658752441 26.7975082397461 -3.4e+38 -3.4e+38 -3.4e+38 -3.4e+38 -3.4e+38 -3.4e+38 -3.4e+38 -3.4e+38 -3.4e+38 32.3242492675781 32.4501571655273 32.6196975708008 32.8602294921875 33.1870536804199 33.6146850585938 34.0702781677246 34.4138488769531 34.6110954284668 34.7147026062012 34.7717895507812 34.796558380127 -3.4e+38 -3.4e+38 -3.4e+38 -3.4e+38 -3.4e+38 -3.4e+38 -3.4e+38 -3.4e+38 -3.4e+38 -3.4e+38 -3.4e+38 -3.4e+38 33.903018951416 34.2598495483398 34.5343589782715 34.7538871765137 34.9435806274414 35.102294921875 35.2431755065918 35.3368759155273 35.404727935791 35.4485473632812 35.4737854003906 35.4905891418457 35.5031623840332 35.5140609741211 35.5186882019043 35.5210189819336
-3.4e+38 26.099193572998 20.937873840332 24.1821250915527 28.3092613220215 28.6385059356689 -3.4e+38 -3.4e+38 -3.4e+38 -3.4e+38 32.2332878112793 32.3446311950684 32.5141448974609 32.6999931335449 32.9213218688965 33.2206687927246 33.6395072937012 34.0793800354004 34.3925476074219 34.597038269043 34.7372283935547 34.8281097412109 34.8793029785156 34.9031753540039 34.9098739624023 -3.4e+38 -3.4e+38 -3.4e+38 -3.4e+38 -3.4e+38 -3.4e+38 -3.4e+38 -3.4e+38 -3.4e+38 -3.4e+38 34.1108932495117 34.4166107177734 34.7659645080566 34.9889793395996 35.1300201416016 35.2314338684082 35.3083992004395 35.3648071289062 35.3994483947754 35.4247283935547 35.4446983337402 35.4600601196289 35.4752769470215 35.4952011108398 35.5162506103516 35.5308609008789 35.5399551391602
-3.4e+38 -3.4e+38 -3.4e+38 -3.4e+38 -3.4e+38 28.9355430603027 29.1664867401123 29.4936561584473 29.9834041595459 30.6585865020752 31.6255893707275 32.0736885070801 32.4275665283203 32.6734733581543 32.9744720458984 33.3721160888672 33.7969131469727 34.1670303344727 34.4362258911133 34.6361770629883 34.7817344665527 34.873893737793 34.9195213317871 34.9354629516602 34.9339866638184 34.9236679077148 -3.4e+38 -3.4e+38 -3.4e+38 -3.4e+38 -3.4e+38 -3.4e+38 -3.4e+38 -3.4e+38 34.2165489196777 34.4526748657227 34.7583465576172 35.0265808105469 35.1794281005859 35.2646141052246 35.3147964477539 35.3474388122559 35.3705749511719 35.3900413513184 35.4097862243652 35.4306716918945 35.4535942077637 35.4773101806641 35.5024375915527 35.5262489318848 35.543888092041 35.5550880432129
-3.4e+38 -3.4e+38 -3.4e+38 -3.4e+38 -3.4e+38 -3.4e+38 -3.4e+38 29.6668739318848 29.8802032470703 30.1663150787354 30.6589469909668 31.2141418457031 31.6075019836426 31.9504337310791 32.430908203125 32.9885482788086 33.5496597290039 34.0265350341797 34.3825149536133 34.654224395752 34.8357925415039 34.9278755187988 34.9536819458008 34.9473762512207 34.9308891296387 34.9117965698242 34.8920478820801 34.8720207214355 34.8466567993164 34.8164100646973 -3.4e+38 -3.4e+38 -3.4e+38 -3.4e+38 34.4432334899902 34.7016983032227 34.9722480773926 35.14990234375 35.2358093261719 35.2752685546875 35.2996635437012 35.3211326599121 35.3411140441895 35.3644332885742 35.3947105407715 35.4301528930664 35.4651870727539 35.4941253662109 35.5169296264648 35.5343055725098 35.5455436706543 35.5532150268555
-3.4e+38 -3.4e+38 -3.4e+38 -3.4e+38 -3.4e+38 -3.4e+38 -3.4e+38 29.3839073181152 29.4591827392578 -3.4e+38 -3.4e+38 -3.4e+38 -3.4e+38 31.8131198883057 32.052806854248 32.4932289123535 33.0813598632812 33.7122192382812 34.2289123535156 34.5964279174805 34.8215637207031 34.9287261962891 34.9663238525391 34.9716682434082 34.9633598327637 34.9485626220703 34.9293594360352 34.904727935791 34.8726959228516 34.8304061889648 34.7731895446777 34.7041893005371 34.6346168518066 34.6147689819336 34.7279815673828 34.934383392334 35.0943450927734 35.175952911377 35.2131462097168 35.2343559265137 35.2553977966309 35.2801856994629 35.3085784912109 35.345531463623 35.3892555236816 35.4329795837402 35.4701843261719 35.4968681335449 35.5131912231445 35.5221710205078 35.5281143188477 35.5340995788574
-3.4e+38 -3.4e+38 -3.4e+38 -3.4e+38 -3.4e+38 -3.4e+38 -3.4e+38 -3.4e+38 -3.4e+38 -3.4e+38 -3.4e+38 -3.4e+38 -3.4e+38 -3.4e+38 32.1540985107422 32.4336853027344 32.8791236877441 33.4415092468262 33.9809074401855 34.3915367126465 34.667293548584 34.8348197937012 34.9238433837891 34.9633750915527 34.9755439758301 34.9774055480957 34.9751968383789 34.9700622558594 34.958080291748 34.9367790222168 34.907283782959 34.8780136108398 34.8724784851074 34.9063873291016 34.9908638000488 35.0743255615234 35.1221771240234 35.1475296020508 35.1650733947754 35.1830711364746 35.2071762084961 35.2408981323242 35.2853202819824 35.3368911743164 35.3871955871582 35.4291114807129 35.4594345092773 35.4771575927734 35.4857406616211 35.491081237793 35.4963569641113 35.5024261474609
-3.4e+38 -3.4e+38 -3.4e+38 -3.4e+38 -3.4e+38 -3.4e+38 -3.4e+38 -3.4e+38 -3.4e+38 -3.4e+38 -3.4e+38 -3.4e+38 -3.4e+38 -3.4e+38 -3.4e+38 32.3574638366699 32.6089210510254 33.0210494995117 33.528392791748 34.0078010559082 34.3894233703613 34.6491889953613 34.7968711853027 34.8690567016602 34.9036865234375 34.9261207580566 34.9479179382324 34.9687385559082 34.9841918945312 34.9910850524902 34.9928245544434 34.9955444335938 35.0062675476074 35.0253295898438 35.0490341186523 35.0674285888672 35.0811500549316 35.0934982299805 35.1085548400879 35.1302833557129 35.1628952026367 35.208423614502 35.2640037536621 35.3212356567383 35.370475769043 35.4053840637207 35.424747467041 35.4332580566406 35.4377784729004 35.4424629211426 35.448657989502 35.457592010498
-3.4e+38 -3.4e+38 -3.4e+38 -3.4e+38 -3.4e+38 -3.4e+38 -3.4e+38 -3.4e+38 -3.4e+38 -3.4e+38 -3.4e+38 -3.4e+38 -3.4e+38 -3.4e+38 -3.4e+38 -3.4e+38 32.4519119262695 32.7006645202637 33.0273323059082 33.4349708557129 33.8318672180176 34.1565895080566 34.4076042175293 34.5784378051758 34.6820068359375 34.7530746459961 34.8178977966309 34.876522064209 34.9249992370605 34.9606513977051 34.9834480285645 34.9971237182617 35.0056610107422 35.0115356445312 35.0152206420898 35.017707824707 35.0220832824707 35.0312919616699 35.0478553771973 35.0746879577637 35.1137962341309 35.1644973754883 35.2223739624023 35.2787246704102 35.3244514465332 35.3528671264648 35.3646507263184 35.3687744140625 35.3713455200195 35.3750762939453 35.3820838928223 35.394603729248
-3.4e+38 -3.4e+38 -3.4e+38 -3.4e+38 -3.4e+38 -3.4e+38 -3.4e+38 -3.4e+38 -3.4e+38 -3.4e+38 -3.4e+38 -3.4e+38 -3.4e+38 -3.4e+38 -3.4e+38 -3.4e+38 32.3498573303223 32.4199867248535 32.5644569396973 32.7711410522461 32.9840049743652 33.2239761352539 33.5581550598145 33.9017333984375 34.1962738037109 34.424560546875 34.5953559875488 34.7162208557129 34.8022232055664 34.8637275695801 34.902717590332 34.924732208252 34.9360084533691 34.9410667419434 34.9424705505371 34.9433670043945 34.9475746154785 34.9584426879883 34.9785079956055 35.0103073120117 35.0548820495605 35.1091995239258 35.1672592163086 35.2196922302246 35.2569198608398 35.2762336730957 35.281551361084 35.2805786132812 35.2792816162109 35.2809829711914 35.2903137207031 35.3119239807129
-3.4e+38 -3.4e+38 -3.4e+38 -3.4e+38 -3.4e+38 -3.4e+38 -3.4e+38 -3.4e+38 -3.4e+38 -3.4e+38 -3.4e+38 -3.4e+38 -3.4e+38 -3.4e+38 -3.4e+38 -3.4e+38 -3.4e+38 -3.4e+38 -3.4e+38 32.599494934082 32.718433380127 32.8803329467773 33.1252136230469 33.4643974304199 33.8431930541992 34.1705360412598 34.3971405029297 34.5478744506836 34.6535949707031 34.7297058105469 34.7812232971191 34.8128967285156 34.8306121826172 34.8393898010254 34.8434677124023 34.8470764160156 34.854305267334 34.8690872192383 34.8932189941406 34.9284057617188 34.9754524230957 35.0296821594238 35.0845108032227 35.1307144165039 35.1592674255371 35.170051574707 35.1681289672852 35.16064453125 35.155143737793 35.1578369140625 35.1740493774414 35.2079887390137
-3.4e+38 -3.4e+38 -3.4e+38 -3.4e+38 -3.4e+38 -3.4e+38 -3.4e+38 -3.4e+38 -3.4e+38 -3.4e+38 -3.4e+38 -3.4e+38 -3.4e+38 -3.4e+38 -3.4e+38 -3.4e+38 -3.4e+38 -3.4e+38 -3.4e+38 -3.4e+38 -3.4e+38 32.8552207946777 33.0622596740723 33.3229751586914 33.6138153076172 33.9083671569824 34.1557846069336 34.3358612060547 34.4648971557617 34.5598068237305 34.6268692016602 34.670524597168 34.6964683532715 34.7110404968262 34.7198867797852 34.7280540466309 34.7399940490723 34.7592697143555 34.786792755127 34.8234977722168 34.8688926696777 34.9171714782715 34.9632530212402 34.9991989135742 35.0182685852051 35.0228233337402 35.0174598693848 35.0095901489258 35.008731842041 35.021354675293 35.0516395568848 35.1058807373047
-3.4e+38 -3.4e+38 -3.4e+38 -3.4e+38 -3.4e+38 -3.4e+38 -3.4e+38 -3.4e+38 -3.4e+38 -3.4e+38 -3.4e+38 -3.4e+38 -3.4e+38 -3.4e+38 -3.4e+38 -3.4e+38 -3.4e+38 -3.4e+38 -3.4e+38 -3.4e+38 -3.4e+38 32.9360427856445 33.0436401367188 33.2036018371582 33.414794921875 33.6591186523438 33.8960723876953 34.0967254638672 34.2519683837891 34.3668594360352 34.4481468200684 34.5022277832031 34.5355987548828 34.5557441711426 34.5694999694824 34.5825500488281 34.5990180969238 34.6208992004395 34.6487007141113 34.6823120117188 34.7194862365723 34.7563591003418 34.7885093688965 34.8102378845215 34.8268241882324 34.8426170349121 34.8530311584473 34.8595275878906 34.8716697692871 34.8960838317871 34.9337120056152 34.9860076904297
-3.4e+38 -3.4e+38 -3.4e+38 -3.4e+38 -3.4e+38 -3.4e+38 -3.4e+38 -3.4e+38 -3.4e+38 -3.4e+38 -3.4e+38 -3.4e+38 -3.4e+38 -3.4e+38 -3.4e+38 -3.4e+38 -3.4e+38 -3.4e+38 -3.4e+38 -3.4e+38 -3.4e+38 32.9831809997559 33.0690460205078 33.181583404541 33.3334617614746 33.5267448425293 33.7309799194336 33.9156875610352 34.0675735473633 34.1858711242676 34.270637512207 34.3229484558105 34.3544769287109 34.3778991699219 34.3986396789551 34.4178085327148 34.4375953674316 34.4605865478516 34.4871444702148 34.5168075561523 34.5476531982422 34.576831817627 34.6040077209473 34.631462097168 34.6624641418457 34.696460723877 34.728874206543 34.7583084106445 34.7881736755371 34.8225021362305 34.8613662719727 34.9059181213379
-3.4e+38 -3.4e+38 -3.4e+38 -3.4e+38 -3.4e+38 -3.4e+38 -3.4e+38 -3.4e+38 -3.4e+38 -3.4e+38 -3.4e+38 -3.4e+38 -3.4e+38 -3.4e+38 -3.4e+38 -3.4e+38 -3.4e+38 -3.4e+38 -3.4e+38 -3.4e+38 -3.4e+38 32.9636116027832 33.0533103942871 33.1708564758301 33.3171310424805 33.4825439453125 33.6497001647949 33.8045768737793 33.9376640319824 34.0380821228027 34.0997886657715 34.1329879760742 34.1592292785645 34.1884689331055 34.221118927002 34.2535934448242 34.2838745117188 34.3141021728516 34.3465003967285 34.3815574645996 34.4182357788086 34.4565467834473 34.4992027282715 34.5482597351074 34.6021614074707 34.6559982299805 34.7058029174805 34.7519378662109 34.795581817627 34.8355560302734 34.8723487854004 34.9099731445312
-3.4e+38 -3.4e+38 -3.4e+38 -3.4e+38 -3.4e+38 -3.4e+38 -3.4e+38 -3.4e+38 -3.4e+38 -3.4e+38 27.2464122772217 27.8433780670166 28.6465339660645 29.4586315155029 30.2015476226807 30.6381683349609 30.8562164306641 -3.4e+38 -3.4e+38 -3.4e+38 -3.4e+38 -3.4e+38 -3.4e+38 33.1172332763672 33.2260398864746 33.372127532959 33.5219497680664 33.6433715820312 33.7375640869141 33.8096542358398 33.861743927002 33.9098014831543 33.9634284973145 34.0159568786621 34.0679702758789 34.1193084716797 34.1680946350098 34.2142791748047 34.2601547241211 34.3070983886719 34.3565483093262 34.4120330810547 34.4776000976562 34.5538139343262 34.6369438171387 34.7187042236328 34.7894172668457 34.846118927002 34.8933410644531 34.9332542419434 34.9659233093262 34.9961433410645
-3.4e+38 -3.4e+38 -3.4e+38 -3.4e+38 -3.4e+38 -3.4e+38 -3.4e+38 -3.4e+38 -3.4e+38 -3.4e+38 -3.4e+38 -3.4e+38 29.3550682067871 29.9045963287354 30.4384021759033 30.800910949707 -3.4e+38 -3.4e+38 -3.4e+38 -3.4e+38 -3.4e+38 -3.4e+38 -3.4e+38 -3.4e+38 33.2529907226562 33.3229637145996 33.3942337036133 33.4647026062012 33.5343551635742 33.6037559509277 33.6713104248047 33.7447814941406 33.827449798584 33.9055252075195 33.9775428771973 34.0465316772461 34.1116752624512 34.1732635498047 34.2340126037598 34.2951927185059 34.3598709106445 34.433536529541 34.5203056335449 34.6193656921387 34.7262115478516 34.8325653076172 34.9255180358887 34.9951400756836 35.0442047119141 35.0822486877441 35.112979888916 35.1386375427246
-3.4e+38 -3.4e+38 -3.4e+38 -3.4e+38 -3.4e+38 -3.4e+38 -3.4e+38 -3.4e+38 -3.4e+38 -3.4e+38 -3.4e+38 -3.4e+38 29.9197559356689 30.2221794128418 30.5970287322998 31.0283603668213 -3.4e+38 -3.4e+38 -3.4e+38 -3.4e+38 -3.4e+38 -3.4e+38 -3.4e+38 -3.4e+38 33.3585929870605 33.4183540344238 33.4530334472656 33.4639091491699 33.5012969970703 33.5770454406738 33.6649131774902 33.7486343383789 33.8313217163086 33.9189262390137 34.0075302124023 34.0879783630371 34.1571350097656 34.2233428955078 34.2923851013184 34.3631820678711 34.4382057189941 34.5248260498047 34.6266670227051 34.7407989501953 34.8610992431641 34.9791870117188 35.0833168029785 35.1625633239746 35.2157173156738 35.2530212402344 35.2824554443359 35.3094329833984
-3.4e+38 -3.4e+38 -3.4e+38 -3.4e+38 -3.4e+38 -3.4e+38 -3.4e+38 -3.4e+38 -3.4e+38 -3.4e+38 -3.4e+38 -3.4e+38 -3.4e+38 -3.4e+38 -3.4e+38 -3.4e+38 -3.4e+38 32.9427757263184 33.6364059448242 33.937442779541 33.9716682434082 33.882869720459 33.7459831237793 33.6178207397461 33.5871505737305 33.6089324951172 33.6053009033203 33.5901985168457 33.6304206848145 33.7416114807129 33.8623199462891 33.9410629272461 34.0053901672363 34.1019592285156 34.2049903869629 34.2801551818848 34.3345489501953 34.3903656005859 34.4549980163574 34.5277366638184 34.6102142333984 34.7065200805664 34.8186912536621 34.9433479309082 35.0706329345703 35.1870651245117 35.2810668945312 35.3482475280762 35.3947143554688 35.4308547973633 35.4588317871094 35.4878044128418
-3.4e+38 -3.4e+38 -3.4e+38 -3.4e+38 -3.4e+38 -3.4e+38 -3.4e+38 -3.4e+38 -3.4e+38 -3.4e+38 -3.4e+38 -3.4e+38 -3.4e+38 -3.4e+38 -3.4e+38 -3.4e+38 33.4490432739258 33.9655914306641 34.423755645752 34.5734672546387 34.4869918823242 34.2894172668457 34.0837478637695 33.9724922180176 33.9563369750977 33.9379730224609 33.8720779418945 33.8464736938477 33.9318161010742 34.1063423156738 34.2580146789551 34.3219108581543 34.3637733459473 34.4437446594238 34.5323219299316 34.5933418273926 34.6320762634277 34.670841217041 34.7189559936523 34.7826805114746 34.8620681762695 34.9567070007324 35.070915222168 35.2029914855957 35.337890625 35.4526672363281 35.528938293457 35.5658721923828 35.5864181518555 35.611743927002 35.6362991333008 35.6640853881836
-3.4e+38 -3.4e+38 -3.4e+38 -3.4e+38 -3.4e+38 -3.4e+38 -3.4e+38 -3.4e+38 -3.4e+38 -3.4e+38 -3.4e+38 -3.4e+38 -3.4e+38 -3.4e+38 35.3414344787598 34.9936561584473 34.9805946350098 35.197509765625 35.395450592041 35.4293060302734 35.2864265441895 35.0275344848633 34.7487487792969 34.4999618530273 34.4503021240234 34.4486083984375 34.3877754211426 34.4144821166992 34.5473175048828 34.7039909362793 34.8045539855957 34.8352088928223 34.842456817627 34.8687858581543 34.9101943969727 34.9465408325195 34.973331451416 35.0014495849609 35.0372505187988 35.0832786560059 35.1396484375 35.2115898132324 35.3097534179688 35.4349479675293 35.5685729980469 35.6807022094727 35.7488098144531 35.7734375 35.7821960449219 35.7969207763672 35.8146858215332 35.8394470214844
