AnalysisFolder/EnvironmentalData/Future/rcp8_5/2055/tavg.asc
NCOLS 360 
NROWS 90 
XLLCORNER -180 
YLLCORNER 0 
CELLSIZE 1 
NODATA_value -3.4e+38 
[rows 0 to 22 of 90, columns 260 to 311 of 360]
-1.7194904088974 -1.71948432922363 -1.71947884559631 -1.71947395801544 -1.71947395801544 -1.71947467327118 -1.71947538852692 -1.71947610378265 -1.71947681903839 -1.71947753429413 -1.71947824954987 -1.7194789648056 -1.71947979927063 -1.71948051452637 -1.71948134899139 -1.71948206424713 -1.71948289871216 -1.7194836139679 -1.71948444843292 -1.71948528289795 -1.71948611736298 -1.719486951828 -1.71948778629303 -1.71948862075806 -1.71948945522308 -1.71949028968811 -1.71949112415314 -1.71949207782745 -1.71949291229248 -1.71949374675751 -1.71949470043182 -1.71949553489685 -1.71949648857117 -1.71949744224548 -1.7194983959198 -1.71949923038483 -1.71950018405914 -1.71950113773346 -1.71950209140778 -1.71950316429138 -1.7195041179657 -1.71950507164001 -1.71950602531433 -1.71950709819794 -1.71950805187225 -1.71950912475586 -1.71951007843018 -1.71951115131378 -1.71951222419739 -1.71951329708099 -1.7195143699646 -1.71951544284821
-1.71378266811371 -1.71375715732574 -1.71373236179352 -1.71371710300446 -1.71371877193451 -1.7137166261673 -1.71371603012085 -1.71371698379517 -1.71371960639954 -1.71372377872467 -1.71372950077057 -1.71373689174652 -1.71374583244324 -1.71375608444214 -1.71376359462738 -1.71377265453339 -1.71378302574158 -1.71379494667053 -1.71380841732025 -1.71382319927216 -1.71383953094482 -1.71385741233826 -1.71387672424316 -1.71389663219452 -1.71391797065735 -1.71394073963165 -1.71396481990814 -1.71399033069611 -1.71401715278625 -1.71404540538788 -1.71407508850098 -1.71410620212555 -1.71414089202881 -1.71417677402496 -1.71421384811401 -1.71425199508667 -1.71429145336151 -1.71433210372925 -1.71437394618988 -1.71441698074341 -1.71446371078491 -1.714515209198 -1.7145676612854 -1.71462106704712 -1.71467542648315 -1.71473062038422 -1.71478688716888 -1.71484410762787 -1.71490406990051 -1.7149738073349 -1.71504414081573 -1.71511507034302
-1.70585584640503 -1.70586287975311 -1.70587933063507 -1.70591247081757 -1.70595002174377 -1.70598423480988 -1.70602214336395 -1.70606362819672 -1.70610857009888 -1.70615708827972 -1.70620810985565 -1.70625162124634 -1.70629823207855 -1.70634818077087 -1.70640122890472 -1.70645761489868 -1.70651614665985 -1.70656943321228 -1.70662605762482 -1.70668613910675 -1.70674955844879 -1.70681655406952 -1.70688557624817 -1.70695197582245 -1.70702183246613 -1.70709884166718 -1.70717978477478 -1.70726454257965 -1.7073460817337 -1.70742905139923 -1.70751512050629 -1.70760440826416 -1.70769667625427 -1.70778739452362 -1.70787870883942 -1.70797252655029 -1.70806884765625 -1.70816779136658 -1.70826709270477 -1.70836746692657 -1.70846974849701 -1.70857393741608 -1.70868015289307 -1.70878541469574 -1.70889067649841 -1.70899713039398 -1.70910501480103 -1.70921397209167 -1.7093243598938 -1.70943546295166 -1.70954716205597 -1.70965945720673
-1.69470739364624 -1.69468450546265 -1.69466781616211 -1.69466650485992 -1.69469141960144 -1.6947432756424 -1.69482183456421 -1.69491374492645 -1.69501185417175 -1.69513213634491 -1.69527459144592 -1.6954391002655 -1.6955738067627 -1.69571828842163 -1.69587862491608 -1.69605457782745 -1.69622147083282 -1.69636476039886 -1.69652342796326 -1.696697473526 -1.69687104225159 -1.6970306634903 -1.69720244407654 -1.69738638401031 -1.69756984710693 -1.69774210453033 -1.69792377948761 -1.69811487197876 -1.69830298423767 -1.69848084449768 -1.69866609573364 -1.69885897636414 -1.6990487575531 -1.69923341274261 -1.69942462444305 -1.69962251186371 -1.69981515407562 -1.70000493526459 -1.70019996166229 -1.70040023326874 -1.7005969285965 -1.70078504085541 -1.70097804069519 -1.70117557048798 -1.70137321949005 -1.70157468318939 -1.70178008079529 -1.70198476314545 -1.70218300819397 -1.70238280296326 -1.7025842666626 -1.70279252529144
-1.67700028419495 -1.67675459384918 -1.67653203010559 -1.67633259296417 -1.67623686790466 -1.67620074748993 -1.67619967460632 -1.67624425888062 -1.67646777629852 -1.67674601078033 -1.67707872390747 -1.67736673355103 -1.67757320404053 -1.67783081531525 -1.67813730239868 -1.67843854427338 -1.67880344390869 -1.6792323589325 -1.6796817779541 -1.68017292022705 -1.68072593212128 -1.68127262592316 -1.6817330121994 -1.68223059177399 -1.68276405334473 -1.68320214748383 -1.68366885185242 -1.68413233757019 -1.68453776836395 -1.68494403362274 -1.68537497520447 -1.68578028678894 -1.68617475032806 -1.68658792972565 -1.68698585033417 -1.68736433982849 -1.68775725364685 -1.68814504146576 -1.68851268291473 -1.68889033794403 -1.68926501274109 -1.68961501121521 -1.68997287750244 -1.69033443927765 -1.69068658351898 -1.69104552268982 -1.69141054153442 -1.69177496433258 -1.69214463233948 -1.6925140619278 -1.69283378124237 -1.69315719604492
-1.65549600124359 -1.65479648113251 -1.6540904045105 -1.65337800979614 -1.65273332595825 -1.65210437774658 -1.6514858007431 -1.65094435214996 -1.6502023935318 -1.64952492713928 -1.64910018444061 -1.64880788326263 -1.64861273765564 -1.64879536628723 -1.6490660905838 -1.64940106868744 -1.65001738071442 -1.65068864822388 -1.65144634246826 -1.65258300304413 -1.65377795696259 -1.65504145622253 -1.6563663482666 -1.65773856639862 -1.65893340110779 -1.65996813774109 -1.66104805469513 -1.66198003292084 -1.66289734840393 -1.66385459899902 -1.66469049453735 -1.66556489467621 -1.66643452644348 -1.66723215579987 -1.66806244850159 -1.6688437461853 -1.66959059238434 -1.67029845714569 -1.67089235782623 -1.67149233818054 -1.67210161685944 -1.67269110679626 -1.67330002784729 -1.67389404773712 -1.67447817325592 -1.67507648468018 -1.67563724517822 -1.67620384693146 -1.67677462100983 -1.67734169960022 -1.67791640758514 -1.67851793766022
-1.62778735160828 -1.62695157527924 -1.62614130973816 -1.6251175403595 -1.62391781806946 -1.62215375900269 -1.62050044536591 -1.61893749237061 -1.61756193637848 -1.61637818813324 -1.61531782150269 -1.61469101905823 -1.61424326896667 -1.61405384540558 -1.61412179470062 -1.61409044265747 -1.61420464515686 -1.61440312862396 -1.61476469039917 -1.6154158115387 -1.61618447303772 -1.61740148067474 -1.61866796016693 -1.62008106708527 -1.62179780006409 -1.62358295917511 -1.62531352043152 -1.62688493728638 -1.62815320491791 -1.62943255901337 -1.63084530830383 -1.63224959373474 -1.6337822675705 -1.63533771038055 -1.6369481086731 -1.63859415054321 -1.64013707637787 -1.64176619052887 -1.64320266246796 -1.6446681022644 -1.64598667621613 -1.64713549613953 -1.64831078052521 -1.64939451217651 -1.65050625801086 -1.65150654315948 -1.65247964859009 -1.6534252166748 -1.65431523323059 -1.65522015094757 -1.65617752075195 -1.65713095664978
-1.58209121227264 -1.58091497421265 -1.5776594877243 -1.57424974441528 -1.57140791416168 -1.56918585300446 -1.56737697124481 -1.56594574451447 -1.56502246856689 -1.56429839134216 -1.56385219097137 -1.56350016593933 -1.56414031982422 -1.56538057327271 -1.56687307357788 -1.56854438781738 -1.569420337677 -1.5704345703125 -1.57130610942841 -1.57240176200867 -1.57325756549835 -1.57348430156708 -1.57321095466614 -1.57259666919708 -1.57229208946228 -1.57268643379211 -1.57316994667053 -1.57441818714142 -1.57568788528442 -1.57771182060242 -1.57996499538422 -1.58258390426636 -1.58545398712158 -1.58844828605652 -1.59160554409027 -1.59470045566559 -1.59759342670441 -1.60059773921967 -1.60352122783661 -1.60657787322998 -1.60936963558197 -1.61221694946289 -1.61468553543091 -1.61706233024597 -1.61914753913879 -1.62102508544922 -1.62275898456573 -1.62429654598236 -1.62580704689026 -1.62722504138947 -1.62866067886353 -1.63012802600861
-1.50467491149902 -1.49948859214783 -1.49035811424255 -1.47842562198639 -1.46728885173798 -1.45769703388214 -1.45043969154358 -1.44623684883118 -1.44373178482056 -1.44708323478699 -1.45369827747345 -1.46152555942535 -1.47138512134552 -1.48188817501068 -1.49398946762085 -1.50185644626617 -3.4e+38 -1.50935053825378 -1.50957071781158 -1.51036834716797 -1.51149833202362 -1.5119206905365 -1.51218402385712 -1.51237332820892 -1.51281487941742 -1.51357853412628 -1.51458621025085 -1.515212059021 -1.51574802398682 -1.51678597927094 -1.51833820343018 -1.52090227603912 -1.52444446086884 -1.52858066558838 -1.53323423862457 -1.53799784183502 -1.54285383224487 -1.54779696464539 -1.55280089378357 -1.5579422712326 -1.5632187128067 -1.56817245483398 -1.5726261138916 -1.57662093639374 -1.57993960380554 -1.58282577991486 -1.5852438211441 -1.58749341964722 -1.58952450752258 -1.59148466587067 -1.5933256149292 -1.59523844718933
-1.39604163169861 -1.3934360742569 -1.38605570793152 -1.37539386749268 -1.35639107227325 -1.33312439918518 -1.30649876594543 -1.27802586555481 -1.25594222545624 -1.23538827896118 -1.22349095344543 -1.21238934993744 -3.4e+38 -3.4e+38 -3.4e+38 -3.4e+38 -3.4e+38 -3.4e+38 -3.4e+38 -1.41236317157745 -1.41078233718872 -1.40973949432373 -1.41151118278503 -1.41337263584137 -1.41622292995453 -1.41921246051788 -1.42248833179474 -1.42574620246887 -1.42892014980316 -1.43239319324493 -1.43623149394989 -1.44130551815033 -1.44736766815186 -1.45413768291473 -1.46115446090698 -1.4682879447937 -1.47566342353821 -1.4829466342926 -1.49042761325836 -1.49774146080017 -1.50513768196106 -1.5121922492981 -1.51895225048065 -1.52475357055664 -1.53006529808044 -1.53463077545166 -1.53859055042267 -1.54202687740326 -1.54552531242371 -1.5490814447403 -1.5522632598877 -1.55537128448486
-1.27144575119019 -1.2666140794754 -1.25501263141632 -1.24145567417145 -1.223952293396 -1.20368027687073 -1.17883098125458 -1.15071547031403 -1.11931443214417 -1.08707499504089 -1.05464625358582 -1.02863538265228 -1.00370180606842 -3.4e+38 -3.4e+38 -3.4e+38 -3.4e+38 -3.4e+38 -3.4e+38 -3.4e+38 -3.4e+38 -3.4e+38 -0.879305005073547 -1.31406998634338 -1.31172108650208 -1.30944311618805 -1.30907618999481 -1.31046009063721 -1.31553208827972 -1.32242059707642 -1.33069372177124 -1.34079480171204 -1.35171270370483 -1.363241314888 -1.37459576129913 -1.38483309745789 -1.39536428451538 -1.40618789196014 -1.41673588752747 -1.42726826667786 -1.43727707862854 -1.44716286659241 -1.45586621761322 -1.46384727954865 -1.47043347358704 -1.47625017166138 -1.48154175281525 -1.48638498783112 -1.49118208885193 -1.49586081504822 -1.50036096572876 -1.50431644916534
-1.12593770027161 -1.11953949928284 -1.1106812953949 -1.09566116333008 -1.07882022857666 -1.05758666992188 -1.03410243988037 -1.00996255874634 -0.985131204128265 -0.961155652999878 -0.93557196855545 -0.910530209541321 -0.88217967748642 -0.854459702968597 -0.826029300689697 -0.795062303543091 -3.4e+38 -3.4e+38 -3.4e+38 -3.4e+38 -3.4e+38 -3.4e+38 -3.4e+38 -3.4e+38 -3.4e+38 -3.4e+38 -3.4e+38 -1.18492269515991 -1.19163763523102 -1.20639038085938 -1.22269880771637 -1.24022138118744 -1.25759875774384 -1.27448356151581 -1.28828346729279 -1.30117952823639 -1.31319344043732 -1.32437574863434 -1.33458316326141 -1.3446831703186 -1.35473763942719 -1.36503803730011 -1.37540006637573 -1.38586246967316 -1.39487898349762 -1.40303707122803 -1.40964412689209 -1.4159471988678 -1.4215499162674 -1.42633843421936 -1.43034601211548 -1.43372094631195
-0.970034956932068 -0.962924778461456 -0.948930442333221 -0.931523025035858 -0.910049736499786 -0.885284960269928 -0.857443034648895 -0.82807058095932 -0.799031555652618 -0.774751722812653 -0.754212379455566 -0.738087236881256 -0.724804282188416 -0.71179336309433 -0.693887233734131 -0.669263124465942 -0.637711584568024 -0.60456508398056 -0.57514899969101 -0.554313123226166 -3.4e+38 -3.4e+38 -3.4e+38 -3.4e+38 -3.4e+38 -3.4e+38 -3.4e+38 -1.08195817470551 -1.09369158744812 -1.11726403236389 -1.1440589427948 -1.1715179681778 -1.1861937046051 -1.19883799552917 -1.20940721035004 -1.21820795536041 -1.22633290290833 -1.2345826625824 -1.24275612831116 -1.25062024593353 -1.25884592533112 -1.26717960834503 -1.27592313289642 -1.28458571434021 -1.2932596206665 -1.29961788654327 -1.30465722084045 -1.30745661258698 -1.30900001525879 -1.30970180034637 -1.30807411670685 -1.30540370941162
-0.810412883758545 -0.794203221797943 -0.776958227157593 -0.75750994682312 -0.735246598720551 -0.710270702838898 -0.680511593818665 -0.650925099849701 -0.621411621570587 -0.592539072036743 -0.566234350204468 -0.546235978603363 -3.4e+38 -3.4e+38 -3.4e+38 -3.4e+38 -3.4e+38 -0.482539653778076 -0.462245017290115 -0.444334536790848 -3.4e+38 -3.4e+38 -3.4e+38 -3.4e+38 -3.4e+38 -3.4e+38 -3.4e+38 -3.4e+38 -3.4e+38 -3.4e+38 -3.4e+38 -3.4e+38 -3.4e+38 -3.4e+38 -1.13029825687408 -1.12119674682617 -1.11850786209106 -1.11720478534698 -1.11796200275421 -1.12114596366882 -1.12513053417206 -1.12975406646729 -1.13543856143951 -1.14171099662781 -1.14715933799744 -1.15098285675049 -1.1530556678772 -1.15134763717651 -1.14760839939117 -1.14053297042847 -1.12986350059509 -1.11723875999451
-0.614347577095032 -0.592169284820557 -0.570307910442352 -0.552216768264771 -0.536579430103302 -0.528368532657623 -0.513762831687927 -3.4e+38 -3.4e+38 -3.4e+38 -3.4e+38 -3.4e+38 -3.4e+38 -3.4e+38 -3.4e+38 -3.4e+38 -3.4e+38 -3.4e+38 -3.4e+38 -3.4e+38 -3.4e+38 -3.4e+38 -3.4e+38 -3.4e+38 -3.4e+38 -3.4e+38 -3.4e+38 -3.4e+38 -3.4e+38 -3.4e+38 -3.4e+38 -3.4e+38 -3.4e+38 -3.4e+38 -3.4e+38 -1.00815486907959 -0.991508007049561 -0.982470571994781 -0.975686132907867 -0.969620883464813 -0.966681718826294 -0.965567767620087 -0.965769946575165 -0.967317402362823 -0.966854333877563 -0.96466863155365 -0.959445416927338 -0.952183306217194 -0.942802250385284 -0.930296123027802 -0.91794490814209 -0.906238913536072
-0.45432722568512 -0.434251338243484 -0.408479869365692 -0.377123445272446 -3.4e+38 -3.4e+38 -3.4e+38 -3.4e+38 -3.4e+38 -3.4e+38 -3.4e+38 -3.4e+38 -3.4e+38 -3.4e+38 -3.4e+38 -3.4e+38 -3.4e+38 -3.4e+38 -3.4e+38 -3.4e+38 -3.4e+38 -3.4e+38 -3.4e+38 -3.4e+38 -3.4e+38 -3.4e+38 -3.4e+38 -3.4e+38 -3.4e+38 -3.4e+38 -3.4e+38 -3.4e+38 -3.4e+38 -3.4e+38 -0.918172001838684 -0.909344494342804 -0.895534873008728 -0.877873539924622 -0.855534672737122 -0.828339278697968 -0.807538092136383 -0.79254561662674 -0.786016225814819 -0.781848132610321 -0.779255986213684 -0.777193546295166 -0.773543000221252 -0.76868724822998 -0.758402645587921 -0.745663523674011 -0.732926368713379 -0.728860318660736
-3.4e+38 -3.4e+38 -3.4e+38 -3.4e+38 -3.4e+38 -3.4e+38 -3.4e+38 -3.4e+38 -3.4e+38 -3.4e+38 -3.4e+38 -3.4e+38 -3.4e+38 -3.4e+38 -3.4e+38 -3.4e+38 -3.4e+38 -3.4e+38 -3.4e+38 -3.4e+38 -3.4e+38 -3.4e+38 -3.4e+38 -3.4e+38 -3.4e+38 -3.4e+38 -3.4e+38 -3.4e+38 -3.4e+38 -3.4e+38 -3.4e+38 -3.4e+38 -3.4e+38 -3.4e+38 -3.4e+38 -3.4e+38 -3.4e+38 -3.4e+38 -3.4e+38 -3.4e+38 -0.634230434894562 -0.604168295860291 -3.4e+38 -3.4e+38 -3.4e+38 -3.4e+38 -3.4e+38 -3.4e+38 -3.4e+38 -0.625002145767212 -0.589717447757721 -0.563592493534088
-3.4e+38 -3.4e+38 -3.4e+38 -3.4e+38 -3.4e+38 -3.4e+38 -3.4e+38 -3.4e+38 -3.4e+38 -3.4e+38 -3.4e+38 -3.4e+38 -3.4e+38 -3.4e+38 -3.4e+38 -3.4e+38 -3.4e+38 -3.4e+38 -3.4e+38 -3.4e+38 -3.4e+38 -3.4e+38 -3.4e+38 -3.4e+38 -3.4e+38 -3.4e+38 -3.4e+38 -3.4e+38 -3.4e+38 -3.4e+38 -3.4e+38 -3.4e+38 -3.4e+38 -3.4e+38 -3.4e+38 -3.4e+38 -3.4e+38 -3.4e+38 -3.4e+38 -3.4e+38 -3.4e+38 -3.4e+38 -3.4e+38 -3.4e+38 -3.4e+38 -3.4e+38 -3.4e+38 -3.4e+38 -3.4e+38 -3.4e+38 -3.4e+38 -0.431927353143692
-3.4e+38 -3.4e+38 -3.4e+38 -3.4e+38 -3.4e+38 -3.4e+38 -3.4e+38 -3.4e+38 -3.4e+38 -3.4e+38 -3.4e+38 -3.4e+38 -3.4e+38 -3.4e+38 -3.4e+38 -3.4e+38 -3.4e+38 -3.4e+38 -3.4e+38 -3.4e+38 -3.4e+38 -3.4e+38 -3.4e+38 -3.4e+38 -3.4e+38 -3.4e+38 -3.4e+38 -3.4e+38 -3.4e+38 -3.4e+38 -3.4e+38 -3.4e+38 -3.4e+38 -3.4e+38 -3.4e+38 -3.4e+38 -3.4e+38 -3.4e+38 -3.4e+38 -3.4e+38 -3.4e+38 -3.4e+38 -3.4e+38 -3.4e+38 -3.4e+38 -3.4e+38 -3.4e+38 -3.4e+38 -3.4e+38 -3.4e+38 -3.4e+38 -3.4e+38
-3.4e+38 -3.4e+38 -3.4e+38 -3.4e+38 -3.4e+38 -3.4e+38 -3.4e+38 -3.4e+38 -3.4e+38 -3.4e+38 -3.4e+38 -3.4e+38 -3.4e+38 -3.4e+38 -3.4e+38 -3.4e+38 -3.4e+38 -3.4e+38 -3.4e+38 -3.4e+38 -3.4e+38 -3.4e+38 -3.4e+38 -3.4e+38 -3.4e+38 -3.4e+38 -3.4e+38 -3.4e+38 -3.4e+38 -3.4e+38 -3.4e+38 -3.4e+38 -3.4e+38 -3.4e+38 -3.4e+38 -3.4e+38 -3.4e+38 -3.4e+38 -3.4e+38 -3.4e+38 -3.4e+38 -3.4e+38 -3.4e+38 -3.4e+38 -3.4e+38 -3.4e+38 -3.4e+38 -3.4e+38 -3.4e+38 -3.4e+38 -3.4e+38 -3.4e+38
-3.4e+38 -3.4e+38 -3.4e+38 -3.4e+38 -3.4e+38 -3.4e+38 -3.4e+38 -3.4e+38 -3.4e+38 -3.4e+38 -3.4e+38 -3.4e+38 -3.4e+38 -3.4e+38 -3.4e+38 -3.4e+38 -3.4e+38 -3.4e+38 -3.4e+38 -3.4e+38 -3.4e+38 -3.4e+38 -3.4e+38 -3.4e+38 -3.4e+38 -3.4e+38 -3.4e+38 -3.4e+38 -3.4e+38 -3.4e+38 -3.4e+38 -3.4e+38 -3.4e+38 -3.4e+38 -3.4e+38 -3.4e+38 -3.4e+38 -3.4e+38 -3.4e+38 -3.4e+38 -3.4e+38 -3.4e+38 -3.4e+38 -3.4e+38 -3.4e+38 -3.4e+38 -3.4e+38 -3.4e+38 -3.4e+38 -3.4e+38 -3.4e+38 -3.4e+38
-3.4e+38 -3.4e+38 -3.4e+38 -3.4e+38 -3.4e+38 -3.4e+38 -3.4e+38 -3.4e+38 -3.4e+38 -3.4e+38 -3.4e+38 -3.4e+38 -3.4e+38 -3.4e+38 -3.4e+38 -3.4e+38 -3.4e+38 -3.4e+38 -3.4e+38 -3.4e+38 -3.4e+38 -3.4e+38 -3.4e+38 -3.4e+38 -3.4e+38 -3.4e+38 -3.4e+38 -3.4e+38 -3.4e+38 -3.4e+38 -3.4e+38 -3.4e+38 -3.4e+38 -3.4e+38 -3.4e+38 -3.4e+38 -3.4e+38 -3.4e+38 -3.4e+38 -3.4e+38 -3.4e+38 -3.4e+38 -3.4e+38 -3.4e+38 -3.4e+38 -3.4e+38 -3.4e+38 -3.4e+38 -3.4e+38 -3.4e+38 -3.4e+38 -3.4e+38
-3.4e+38 -3.4e+38 -3.4e+38 -3.4e+38 -3.4e+38 -3.4e+38 -3.4e+38 -3.4e+38 -3.4e+38 -3.4e+38 -3.4e+38 -3.4e+38 -3.4e+38 -3.4e+38 -3.4e+38 -3.4e+38 -3.4e+38 -3.4e+38 -3.4e+38 -3.4e+38 -3.4e+38 -3.4e+38 -3.4e+38 -3.4e+38 -3.4e+38 -3.4e+38 -3.4e+38 -3.4e+38 -3.4e+38 -3.4e+38 -3.4e+38 -3.4e+38 -3.4e+38 -3.4e+38 -3.4e+38 -3.4e+38 -3.4e+38 -3.4e+38 -3.4e+38 -3.4e+38 -3.4e+38 -3.4e+38 -3.4e+38 -3.4e+38 -3.4e+38 -3.4e+38 -3.4e+38 -3.4e+38 -3.4e+38 -3.4e+38 -3.4e+38 -3.4e+38
