AnalysisFolder/EnvironmentalData/Future/rcp8_5/2055/tavg.asc
NCOLS 360 
NROWS 90 
XLLCORNER -180 
YLLCORNER 0 
CELLSIZE 1 
NODATA_value -3.4e+38 
[rows 0 to 22 of 90, columns 0 to 51 of 360]
-1.719580292701720 -1.71958196163177 -1.71958363056183 -1.71958518028259 -1.71958684921265 -1.7195885181427 -1.71959018707275 -1.71959185600281 -1.71959352493286 -1.7195953130722 -1.71959698200226 -1.7195987701416 -1.71960043907166 -1.71875965595245 -1.71875965595245 -1.71875965595245 -1.71875965595245 -1.71875965595245 -1.71875965595245 -1.71875965595245 -1.71875965595245 -1.71875965595245 -1.71875965595245 -1.71875965595245 -1.71875965595245 -1.71875965595245 -1.71875965595245 -1.71875965595245 -1.71875965595245 -1.71875965595245 -1.71875965595245 -1.71875965595245 -1.71875965595245 -1.71875965595245 -1.71875965595245 -1.72316086292267 -1.72320532798767 -1.72324979305267 -1.72329425811768 -1.72333872318268 -1.72338306903839 -1.7234274148941 -1.72347176074982 -1.72351610660553 -1.72356033325195 -1.72360455989838 -1.7236487865448 -1.72369301319122 -1.72373723983765 -1.72378134727478 -1.72382545471191 -1.72386956214905
-1.72108888626099 -1.72123861312866 -1.72138822078705 -1.72153759002686 -1.72168660163879 -1.72183549404144 -1.72198414802551 -1.7221440076828 -1.72230470180511 -1.72246539592743 -1.72262644767761 -1.72278761863708 -1.72294902801514 -1.72311055660248 -1.7232723236084 -1.72343420982361 -1.72360646724701 -1.72375023365021 -1.72387897968292 -1.72400867938995 -1.72413945198059 -1.72427129745483 -1.72440433502197 -1.72453844547272 -1.72467374801636 -1.72481024265289 -1.72494792938232 -1.72508680820465 -1.72522699832916 -1.72536849975586 -1.72551119327545 -1.72565758228302 -1.72580623626709 -1.72595632076263 -1.72610771656036 -1.72626066207886 -1.72641491889954 -1.72657084465027 -1.72672808170319 -1.72688698768616 -1.72704744338989 -1.72720956802368 -1.72737336158752 -1.72751176357269 -1.7276394367218 -1.7277672290802 -1.72789525985718 -1.72802352905273 -1.72815191745758 -1.7282806634903 -1.7284095287323 -1.72853863239288
-1.71954762935638 -1.7197642326355 -1.71998119354248 -1.72019863128662 -1.72042489051819 -1.72065305709839 -1.72088193893433 -1.72111165523529 -1.72134232521057 -1.72157382965088 -1.72181451320648 -1.7220573425293 -1.72230172157288 -1.72254765033722 -1.72279500961304 -1.72304391860962 -1.72330284118652 -1.72356462478638 -1.72379517555237 -1.72401106357574 -1.72422957420349 -1.72445058822632 -1.72467410564423 -1.72490322589874 -1.72513628005981 -1.72537207603455 -1.72561061382294 -1.7258517742157 -1.72609567642212 -1.72634255886078 -1.72659230232239 -1.72684645652771 -1.7271044254303 -1.72736549377441 -1.72762989997864 -1.72785699367523 -1.72808158397675 -1.72830879688263 -1.72853851318359 -1.72877097129822 -1.7290061712265 -1.72924411296844 -1.72948431968689 -1.72972726821899 -1.72997272014618 -1.73022103309631 -1.73047208786011 -1.73072588443756 -1.73098266124725 -1.73123550415039 -1.73146438598633 -1.731693983078
-1.7163370847702 -1.71665251255035 -1.71697092056274 -1.71729207038879 -1.71759366989136 -1.71788012981415 -1.71816968917847 -1.71846210956573 -1.71875834465027 -1.7190648317337 -1.71937501430511 -1.71968877315521 -1.72000622749329 -1.7203323841095 -1.72066628932953 -1.72100460529327 -1.72134721279144 -1.72169482707977 -1.7220584154129 -1.72241389751434 -1.72271966934204 -1.72302937507629 -1.72334313392639 -1.72366690635681 -1.72399520874023 -1.72432827949524 -1.72466588020325 -1.72500836849213 -1.72535824775696 -1.72571587562561 -1.72607946395874 -1.72644901275635 -1.72678816318512 -1.72710883617401 -1.7274374961853 -1.72777223587036 -1.72811233997345 -1.72845792770386 -1.72880923748016 -1.72916638851166 -1.72952938079834 -1.72990322113037 -1.73028469085693 -1.73065078258514 -1.7309935092926 -1.7313404083252 -1.7316917181015 -1.73204743862152 -1.73240768909454 -1.73277258872986 -1.73314452171326 -1.7335216999054
-1.71069622039795 -1.71105885505676 -1.711430311203 -1.71181643009186 -1.71220850944519 -1.71260631084442 -1.71302890777588 -1.71346008777618 -1.7138991355896 -1.71431529521942 -1.71471333503723 -1.71511709690094 -1.71552681922913 -1.71594941616058 -1.71637833118439 -1.71681344509125 -1.71725630760193 -1.71771204471588 -1.71817553043365 -1.71864712238312 -1.71913540363312 -1.71958541870117 -1.720010638237 -1.72044372558594 -1.72088825702667 -1.72134375572205 -1.7218074798584 -1.72227942943573 -1.72276484966278 -1.72326838970184 -1.7237833738327 -1.7242739200592 -1.72472536563873 -1.72519612312317 -1.72567641735077 -1.72616648674011 -1.72666668891907 -1.7271808385849 -1.72771775722504 -1.72826683521271 -1.72880792617798 -1.72930145263672 -1.72980332374573 -1.73031973838806 -1.73084402084351 -1.73137640953064 -1.73191726207733 -1.73246657848358 -1.73302555084229 -1.73353707790375 -1.73403835296631 -1.73454535007477
-1.70225667953491 -1.7026698589325 -1.70311236381531 -1.70356631278992 -1.70402932167053 -1.70452558994293 -1.70503056049347 -1.70554518699646 -1.70608294010162 -1.70663058757782 -1.70719063282013 -1.70777571201324 -1.7083752155304 -1.70889759063721 -1.70943117141724 -1.70997369289398 -1.71052610874176 -1.711101770401 -1.71168851852417 -1.71228635311127 -1.7129225730896 -1.71357524394989 -1.71424341201782 -1.71482765674591 -1.71542406082153 -1.71603155136108 -1.71665453910828 -1.71729791164398 -1.71795737743378 -1.71863400936127 -1.71935069561005 -1.72005236148834 -1.7206996679306 -1.72136473655701 -1.72204887866974 -1.7227486371994 -1.72346448898315 -1.72420513629913 -1.7249698638916 -1.72569143772125 -1.72636270523071 -1.72704935073853 -1.72775185108185 -1.72847032546997 -1.72920525074005 -1.72995758056641 -1.73070168495178 -1.73136353492737 -1.73203587532043 -1.73271918296814 -1.73341357707977 -1.7341216802597
-1.69001054763794 -1.69052076339722 -1.69109857082367 -1.69172084331512 -1.69237399101257 -1.69310140609741 -1.69374752044678 -1.69437348842621 -1.6950067281723 -1.69565188884735 -1.69633293151855 -1.69702792167664 -1.69775021076202 -1.69850695133209 -1.69928216934204 -1.70009875297546 -1.70082259178162 -1.70153856277466 -1.70226287841797 -1.7030086517334 -1.70378923416138 -1.70460939407349 -1.70545172691345 -1.70633769035339 -1.70719861984253 -1.70797634124756 -1.70876705646515 -1.70958006381989 -1.71041655540466 -1.71129560470581 -1.71220290660858 -1.71313965320587 -1.71399533748627 -1.71483850479126 -1.71570336818695 -1.71658730506897 -1.71750462055206 -1.71845614910126 -1.71945858001709 -1.72036170959473 -1.72126269340515 -1.72218525409698 -1.72313332557678 -1.72410714626312 -1.72511076927185 -1.72607970237732 -1.726970911026 -1.72788083553314 -1.72881150245667 -1.72976660728455 -1.73074638843536 -1.7316929101944
-1.67443823814392 -1.6750396490097 -1.67567014694214 -1.67635822296143 -1.67707633972168 -1.67784833908081 -1.67866230010986 -1.67952454090118 -1.68044030666351 -1.68140161037445 -1.68225085735321 -1.68306791782379 -1.68390929698944 -1.68477487564087 -1.685671210289 -1.68660724163055 -1.68758702278137 -1.68864774703979 -1.6897212266922 -1.69065761566162 -1.69162249565125 -1.69261372089386 -1.69363725185394 -1.69469451904297 -1.69580590724945 -1.69696855545044 -1.69802153110504 -1.69902527332306 -1.70005679130554 -1.70113015174866 -1.70224487781525 -1.70341145992279 -1.70464885234833 -1.70573675632477 -1.70684707164764 -1.70799612998962 -1.70918226242065 -1.71044480800629 -1.71176052093506 -1.71298742294312 -1.7141809463501 -1.71540081501007 -1.71665871143341 -1.71796309947968 -1.71930801868439 -1.72050714492798 -1.72169721126556 -1.72290992736816 -1.72415411472321 -1.72543501853943 -1.72667253017426 -1.72780191898346
-1.6536693572998 -1.65438532829285 -1.65521669387817 -1.65612173080444 -1.65709447860718 -1.65792632102966 -1.65882039070129 -1.65974974632263 -1.66072201728821 -1.66173839569092 -1.66283130645752 -1.663987159729 -1.66522443294525 -1.66644370555878 -1.66751289367676 -1.66862165927887 -1.66977369785309 -1.67098295688629 -1.6722606420517 -1.67363178730011 -1.67508327960968 -1.67638289928436 -1.67762732505798 -1.6789265871048 -1.6802738904953 -1.68169951438904 -1.68320512771606 -1.6847962141037 -1.68612432479858 -1.68747782707214 -1.68888938426971 -1.69035398960114 -1.69190382957458 -1.69353151321411 -1.69501197338104 -1.69649839401245 -1.69804322719574 -1.6996773481369 -1.7013852596283 -1.70316517353058 -1.70472323894501 -1.70633184909821 -1.70800840854645 -1.70973634719849 -1.71154546737671 -1.71313071250916 -1.71466839313507 -1.71624457836151 -1.71785688400269 -1.71950662136078 -1.72101187705994 -1.72248101234436
-1.62681090831757 -1.62745368480682 -1.62816143035889 -1.62893831729889 -1.6298018693924 -1.63081359863281 -1.63193571567535 -1.63320600986481 -1.6345888376236 -1.63570308685303 -1.63687658309937 -1.6381151676178 -1.63945043087006 -1.64091789722443 -1.64249444007874 -1.6442004442215 -1.64587366580963 -1.64726519584656 -1.64872229099274 -1.65026926994324 -1.65192210674286 -1.65371966362 -1.655637383461 -1.65750420093536 -1.65919852256775 -1.66097605228424 -1.66283881664276 -1.66483378410339 -1.66693329811096 -1.66902816295624 -1.67080330848694 -1.67264699935913 -1.67456948757172 -1.67661666870117 -1.67877817153931 -1.68080723285675 -1.68272864818573 -1.68474459648132 -1.68687045574188 -1.68912351131439 -1.69138252735138 -1.69346868991852 -1.69563412666321 -1.697878241539 -1.70021879673004 -1.70246517658234 -1.70445775985718 -1.70649778842926 -1.70859372615814 -1.71076452732086 -1.7126796245575 -1.71448040008545
-1.59098374843597 -1.5919326543808 -1.59300899505615 -1.59420871734619 -1.59508192539215 -1.59582960605621 -1.596524477005 -1.59736013412476 -1.5984822511673 -1.59979236125946 -1.60134279727936 -1.60310125350952 -1.60486125946045 -1.60660445690155 -1.60850071907043 -1.61055243015289 -1.61272835731506 -1.61507034301758 -1.61752164363861 -1.61977326869965 -1.62178468704224 -1.62382996082306 -1.62601661682129 -1.62837541103363 -1.63093674182892 -1.63352584838867 -1.63569760322571 -1.63797640800476 -1.64040946960449 -1.64302110671997 -1.645831823349 -1.64846241474152 -1.65090262889862 -1.653475522995 -1.65623664855957 -1.65917026996613 -1.66213548183441 -1.66469407081604 -1.66738414764404 -1.67021334171295 -1.67320740222931 -1.67614924907684 -1.67875957489014 -1.68146800994873 -1.68428730964661 -1.6872341632843 -1.68994891643524 -1.69257736206055 -1.69530308246613 -1.69813144207001 -1.70088946819305 -1.70322561264038
-1.54364562034607 -1.54424870014191 -1.54505383968353 -1.54605615139008 -1.54726696014404 -1.54864764213562 -1.55013680458069 -1.55180537700653 -1.55313980579376 -1.55438137054443 -1.55579841136932 -1.5576274394989 -1.55975437164307 -1.5623607635498 -1.56531965732574 -1.56829881668091 -1.57072198390961 -1.57325339317322 -1.57568275928497 -1.57820200920105 -1.58066916465759 -1.58347201347351 -1.58581244945526 -1.58855330944061 -1.59157192707062 -1.59493291378021 -1.59847211837769 -1.60211026668549 -1.60502183437347 -1.60813426971436 -1.61148405075073 -1.61508560180664 -1.61887657642365 -1.62218976020813 -1.62540364265442 -1.62892866134644 -1.63279092311859 -1.6370153427124 -1.6405713558197 -1.64417350292206 -1.64802753925323 -1.6521931886673 -1.65633189678192 -1.65972352027893 -1.66323935985565 -1.66696810722351 -1.67085218429565 -1.67433333396912 -1.67779898643494 -1.68145096302032 -1.68529176712036 -1.68876314163208
-1.47697997093201 -1.47892367839813 -1.48102211952209 -1.48320508003235 -1.48515343666077 -1.48721444606781 -1.48960268497467 -1.49182295799255 -1.49400401115417 -1.49593508243561 -1.49795114994049 -1.5001208782196 -1.50143706798553 -1.50315988063812 -1.50532150268555 -1.50787436962128 -1.51081252098083 -1.51376903057098 -1.5164932012558 -1.51811015605927 -1.52052164077759 -1.52381479740143 -1.52840566635132 -1.53373348712921 -1.53890991210938 -1.54313850402832 -1.54757571220398 -1.55218923091888 -1.55704569816589 -1.56209695339203 -1.56589734554291 -1.56993842124939 -1.57422983646393 -1.57869923114777 -1.5833568572998 -1.58737599849701 -1.591921210289 -1.59709405899048 -1.6028037071228 -1.60874998569489 -1.61422789096832 -1.61994731426239 -1.62566375732422 -1.63134801387787 -1.63588345050812 -1.64047372341156 -1.64527058601379 -1.65033578872681 -1.65484809875488 -1.65950882434845 -1.66475141048431 -1.67085206508636
-1.39386105537415 -1.39665019512177 -1.39967596530914 -1.40292727947235 -1.40645813941956 -1.41029345989227 -1.41435027122498 -1.41710424423218 -1.41830730438232 -1.41818177700043 -1.41725468635559 -1.41640710830688 -1.41470146179199 -1.41346144676208 -1.41314446926117 -1.41239428520203 -1.41250228881836 -1.41403365135193 -1.41712188720703 -1.42170417308807 -1.42885100841522 -1.43560099601746 -1.44232952594757 -1.45017147064209 -1.45846092700958 -1.46703100204468 -1.4758448600769 -1.48177540302277 -1.48824453353882 -1.49534130096436 -1.50305831432343 -1.51123356819153 -1.51700842380524 -1.52268481254578 -1.5287971496582 -1.53544557094574 -1.542924284935 -1.54972422122955 -1.55724155902863 -1.56516337394714 -1.57322120666504 -1.57988202571869 -1.58603394031525 -1.59210896492004 -1.59809076786041 -1.60363352298737 -1.60885047912598 -1.6144472360611 -1.62054550647736 -1.62663459777832 -1.63316810131073 -1.6406956911087
-1.28457152843475 -1.28920221328735 -1.29387843608856 -1.29862916469574 -1.30351138114929 -1.30726552009583 -1.30970132350922 -1.30952668190002 -1.30813205242157 -1.30408716201782 -1.29719007015228 -1.28882050514221 -1.27532136440277 -1.26330626010895 -1.25390076637268 -1.25010669231415 -1.2506115436554 -1.25484800338745 -1.25948107242584 -1.26571762561798 -1.27509427070618 -1.2880893945694 -1.30340528488159 -1.32062232494354 -1.33255326747894 -1.34483635425568 -1.35803151130676 -1.37210154533386 -1.38675034046173 -1.39929747581482 -1.41126382350922 -1.42358303070068 -1.43556296825409 -1.44748723506927 -1.45605373382568 -1.46478772163391 -1.47493016719818 -1.48654007911682 -1.49793696403503 -1.50710189342499 -1.51595532894135 -1.52441585063934 -1.53255581855774 -1.53781843185425 -1.5429961681366 -1.54855620861053 -1.55346953868866 -1.5567706823349 -1.56061565876007 -1.56337761878967 -1.5661027431488 -1.56702315807343
-1.16158354282379 -1.16347527503967 -1.16522216796875 -1.16749143600464 -1.1702880859375 -1.17284262180328 -1.16973042488098 -1.16213071346283 -1.15105652809143 -1.13495492935181 -1.11695098876953 -1.09727334976196 -1.07444024085999 -1.05253219604492 -1.03271305561066 -1.01804745197296 -1.01006281375885 -1.00797700881958 -1.01243329048157 -1.02358245849609 -1.03988468647003 -1.05586302280426 -1.07696890830994 -1.10215318202972 -1.13015782833099 -1.15781962871552 -1.182093501091 -1.20282733440399 -1.22476637363434 -1.24773478507996 -1.27089130878448 -1.29012954235077 -1.30514252185822 -1.32029807567596 -1.33595478534698 -1.35266590118408 -1.3655264377594 -1.37944746017456 -1.39452028274536 -1.40911841392517 -1.42036247253418 -1.42827033996582 -1.43572020530701 -1.44263696670532 -1.44742548465729 -1.44754302501678 -1.44583582878113 -1.44322788715363 -1.43498110771179 -1.42095720767975 -1.40527486801147 -1.38306629657745
-1.01762068271637 -1.01728010177612 -1.01505184173584 -1.01506161689758 -1.0151458978653 -1.00863945484161 -0.99511855840683 -0.978277921676636 -0.957934498786926 -0.93454384803772 -0.910296678543091 -0.885110855102539 -0.850705742835999 -0.815509438514709 -0.781189918518066 -0.751725614070892 -0.725351333618164 -0.703368961811066 -0.691271781921387 -0.690681278705597 -0.69882071018219 -0.718262076377869 -0.754275977611542 -0.800060272216797 -0.841713309288025 -0.884217858314514 -0.924147009849548 -0.960533022880554 -0.992240130901337 -1.01775681972504 -1.04202497005463 -1.06415379047394 -1.08511710166931 -1.10486245155334 -1.11879396438599 -1.13456165790558 -1.15385603904724 -1.17630136013031 -1.19080317020416 -1.20430028438568 -1.21949410438538 -1.2332319021225 -1.24033725261688 -1.24301958084106 -1.24249088764191 -1.24017977714539 -1.22871816158295 -1.205721616745 -1.17523312568665 -1.13829779624939 -1.08655035495758 -1.01883482933044
-0.831117212772369 -0.830352783203125 -0.826958179473877 -0.82143247127533 -0.809008717536926 -0.784821093082428 -0.755645930767059 -0.723919808864594 -0.692273378372192 -0.656548142433167 -0.61855685710907 -0.569345414638519 -0.518610596656799 -0.471037089824677 -0.432198971509933 -0.397139251232147 -0.365306288003922 -0.342418640851974 -0.334966719150543 -0.316542029380798 -0.293295204639435 -0.279846519231796 -0.314791798591614 -0.383176535367966 -0.476341634988785 -0.563548386096954 -0.630914270877838 -0.680555939674377 -0.712680518627167 -0.734331786632538 -0.748750388622284 -0.760301053524017 -0.767761766910553 -0.773886203765869 -0.779157102108002 -0.785607099533081 -0.7968909740448 -0.812292873859406 -0.82966285943985 -0.845767498016357 -0.857165575027466 -0.86640989780426 -0.872793674468994 -0.875377297401428 -0.868661284446716 -0.854777991771698 -0.833898186683655 -0.805131137371063 -0.761502802371979 -0.704386711120605 -0.637281775474548 -0.556879281997681
-3.4e+38 -3.4e+38 -0.61492520570755 -0.569893062114716 -0.524873375892639 -0.479391843080521 -0.427533954381943 -0.377282083034515 -0.324738383293152 -0.268919080495834 -0.192910641431808 -0.106626838445663 -0.0151750864461064 0.0788494497537613 0.156813070178032 0.212337031960487 0.239182129502296 0.206924811005592 0.199582889676094 0.224363252520561 0.266457736492157 0.227461114525795 0.0921562910079956 -3.4e+38 -0.201467797160149 -0.323297947645187 -0.410593420267105 -0.465330541133881 -0.484428256750107 -0.490943729877472 -0.485723435878754 -0.467991560697556 -0.439296841621399 -0.406107097864151 -0.390223532915115 -0.382587611675262 -0.380085080862045 -0.381669878959656 -0.388787180185318 -0.398339092731476 -0.402871549129486 -0.402032345533371 -0.400238931179047 -0.392571777105331 -0.377182871103287 -0.352763831615448 -0.319404900074005 -0.276770293712616 -0.231867715716362 -0.182956695556641 -0.123863957822323 -0.0744367018342018
-0.493584454059601 -0.438059270381927 -0.372316837310791 -0.296339958906174 -0.211174428462982 -0.11603556573391 -0.0328997597098351 0.0478660725057125 0.13901586830616 0.261846572160721 0.396382182836533 0.538336634635925 0.681414365768433 0.795036971569061 0.888982772827148 0.966082334518433 0.975998103618622 0.914199650287628 -3.4e+38 -3.4e+38 -3.4e+38 -3.4e+38 -3.4e+38 -3.4e+38 -3.4e+38 -3.4e+38 -3.4e+38 -3.4e+38 -3.4e+38 -3.4e+38 -3.4e+38 -0.217472821474075 -0.190849736332893 -0.132530197501183 -0.0716478526592255 -0.0389459952712059 -0.0118012204766273 -0.00946685951203108 -0.013960350304842 -0.0137014808133245 -0.00755132269114256 -0.00175949290860444 0.0126923238858581 0.0355412513017654 0.0611677616834641 0.0916059017181396 0.137224867939949 0.199817135930061 0.254855185747147 0.304000973701477 -3.4e+38 -3.4e+38
-0.325113117694855 -0.278073668479919 -0.215435177087784 -0.10688155144453 0.0391406416893005 0.207176119089127 0.368889182806015 0.51407516002655 0.661572813987732 0.814741253852844 0.979505002498627 1.16155302524567 1.32514345645905 1.42962002754211 1.47518730163574 1.43661594390869 -3.4e+38 -3.4e+38 -3.4e+38 -3.4e+38 -3.4e+38 -3.4e+38 -3.4e+38 -3.4e+38 -3.4e+38 -3.4e+38 -3.4e+38 -3.4e+38 -3.4e+38 -3.4e+38 -3.4e+38 -3.4e+38 -3.4e+38 -3.4e+38 -3.4e+38 -3.4e+38 -3.4e+38 -3.4e+38 -3.4e+38 -3.4e+38 -3.4e+38 -3.4e+38 0.268897294998169 0.284456104040146 -3.4e+38 -3.4e+38 -3.4e+38 -3.4e+38 -3.4e+38 -3.4e+38 -3.4e+38 -3.4e+38
-3.4e+38 -3.4e+38 -0.204451948404312 -0.0730746164917946 0.0705528259277344 0.231612384319305 0.431791245937347 0.656581282615662 0.892132759094238 1.11749243736267 1.29243922233582 1.45392596721649 1.61005330085754 1.71072018146515 -3.4e+38 -3.4e+38 -3.4e+38 -3.4e+38 -3.4e+38 -3.4e+38 -3.4e+38 -3.4e+38 -3.4e+38 -3.4e+38 -3.4e+38 -3.4e+38 -3.4e+38 -3.4e+38 -3.4e+38 -3.4e+38 -3.4e+38 -3.4e+38 -3.4e+38 -3.4e+38 -3.4e+38 -3.4e+38 -3.4e+38 -3.4e+38 -3.4e+38 -3.4e+38 -3.4e+38 -3.4e+38 -3.4e+38 -3.4e+38 -3.4e+38 -3.4e+38 -3.4e+38 -3.4e+38 -3.4e+38 -3.4e+38 -3.4e+38 -3.4e+38
-3.4e+38 -3.4e+38 -3.4e+38 -3.4e+38 -3.4e+38 -3.4e+38 -3.4e+38 0.406823098659515 0.64408928155899 0.902383089065552 1.16414904594421 1.47902989387512 1.74565637111664 1.89988040924072 -3.4e+38 -3.4e+38 -3.4e+38 -3.4e+38 -3.4e+38 -3.4e+38 -3.4e+38 -3.4e+38 -3.4e+38 -3.4e+38 -3.4e+38 -3.4e+38 -3.4e+38 -3.4e+38 -3.4e+38 -3.4e+38 -3.4e+38 -3.4e+38 -3.4e+38 -3.4e+38 -3.4e+38 -3.4e+38 -3.4e+38 -3.4e+38 -3.4e+38 -3.4e+38 -3.4e+38 -3.4e+38 -3.4e+38 -3.4e+38 -3.4e+38 -3.4e+38 -3.4e+38 -3.4e+38 -3.4e+38 -3.4e+38 -3.4e+38 -3.4e+38
