AnalysisFolder/EnvironmentalData/Future/rcp8_5/2055/tavg.asc
NCOLS 360 
NROWS 90 
XLLCORNER -180 
YLLCORNER 0 
CELLSIZE 1 
NODATA_value -3.4e+38 
[rows 23 to 45 of 90, columns 0 to 51 of 360]
-3.4e+38 -3.4e+38 -3.4e+38 -3.4e+38 -3.4e+38 -3.4e+38 -3.4e+38 -3.4e+38 -3.4e+38 -3.4e+38 1.43305516242981 1.67202186584473 1.93481457233429 2.0237991809845 -3.4e+38 -3.4e+38 -3.4e+38 -3.4e+38 -3.4e+38 -3.4e+38 -3.4e+38 -3.4e+38 -3.4e+38 -3.4e+38 -3.4e+38 -3.4e+38 -3.4e+38 -3.4e+38 -3.4e+38 -3.4e+38 -3.4e+38 -3.4e+38 -3.4e+38 -3.4e+38 -3.4e+38 -3.4e+38 -3.4e+38 -3.4e+38 -3.4e+38 -3.4e+38 -3.4e+38 -3.4e+38 -3.4e+38 -3.4e+38 -3.4e+38 -3.4e+38 -3.4e+38 -3.4e+38 -3.4e+38 -3.4e+38 -3.4e+38 -3.4e+38
-3.4e+38 -3.4e+38 -3.4e+38 -3.4e+38 -3.4e+38 -3.4e+38 -3.4e+38 -3.4e+38 -3.4e+38 1.50410807132721 1.96128034591675 2.2668571472168 -3.4e+38 -3.4e+38 -3.4e+38 -3.4e+38 -3.4e+38 -3.4e+38 -3.4e+38 -3.4e+38 -3.4e+38 -3.4e+38 -3.4e+38 -3.4e+38 -3.4e+38 -3.4e+38 -3.4e+38 -3.4e+38 -3.4e+38 -3.4e+38 -3.4e+38 -3.4e+38 -3.4e+38 -3.4e+38 -3.4e+38 -3.4e+38 -3.4e+38 -3.4e+38 -3.4e+38 -3.4e+38 -3.4e+38 -3.4e+38 -3.4e+38 -3.4e+38 -3.4e+38 -3.4e+38 -3.4e+38 -3.4e+38 -3.4e+38 -3.4e+38 -3.4e+38 -3.4e+38
2.17473530769348 2.2041711807251 2.23684811592102 2.16229224205017 2.08740782737732 -3.4e+38 -3.4e+38 1.21279728412628 1.59617388248444 1.84258937835693 2.06463885307312 2.39354372024536 2.76597023010254 -3.4e+38 -3.4e+38 -3.4e+38 -3.4e+38 -3.4e+38 -3.4e+38 -3.4e+38 -3.4e+38 -3.4e+38 -3.4e+38 -3.4e+38 -3.4e+38 -3.4e+38 -3.4e+38 -3.4e+38 -3.4e+38 -3.4e+38 -3.4e+38 -3.4e+38 -3.4e+38 -3.4e+38 -3.4e+38 -3.4e+38 -3.4e+38 -3.4e+38 -3.4e+38 -3.4e+38 -3.4e+38 -3.4e+38 -3.4e+38 -3.4e+38 -3.4e+38 -3.4e+38 -3.4e+38 -3.4e+38 -3.4e+38 -3.4e+38 -3.4e+38 -3.4e+38
2.36712765693665 2.43479013442993 2.46033573150635 2.44015884399414 2.3970787525177 2.33166289329529 2.26600289344788 2.19038939476013 2.10960459709167 2.09220695495605 2.27654004096985 2.56277561187744 2.88663983345032 3.17244458198547 3.34265780448914 -3.4e+38 3.4746618270874 -3.4e+38 -3.4e+38 -3.4e+38 -3.4e+38 -3.4e+38 -3.4e+38 -3.4e+38 -3.4e+38 -3.4e+38 -3.4e+38 -3.4e+38 -3.4e+38 -3.4e+38 -3.4e+38 -3.4e+38 -3.4e+38 -3.4e+38 -3.4e+38 -3.4e+38 -3.4e+38 -3.4e+38 -3.4e+38 -3.4e+38 -3.4e+38 -3.4e+38 -3.4e+38 -3.4e+38 -3.4e+38 -3.4e+38 -3.4e+38 -3.4e+38 -3.4e+38 -3.4e+38 -3.4e+38 -3.4e+38
2.63446259498596 2.71166491508484 2.7362744808197 2.72918820381165 2.69187951087952 2.62113761901855 2.56780529022217 2.54115581512451 2.52714085578918 2.54373717308044 2.63328051567078 2.86058473587036 3.16973376274109 3.41044092178345 -3.4e+38 -3.4e+38 -3.4e+38 -3.4e+38 -3.4e+38 -3.4e+38 -3.4e+38 -3.4e+38 -3.4e+38 -3.4e+38 -3.4e+38 -3.4e+38 -3.4e+38 -3.4e+38 -3.4e+38 -3.4e+38 -3.4e+38 -3.4e+38 -3.4e+38 -3.4e+38 -3.4e+38 -3.4e+38 -3.4e+38 -3.4e+38 -3.4e+38 -3.4e+38 -3.4e+38 -3.4e+38 -3.4e+38 -3.4e+38 -3.4e+38 -3.4e+38 -3.4e+38 -3.4e+38 -3.4e+38 -3.4e+38 -3.4e+38 -3.4e+38
3.15902137756348 3.20512127876282 3.22580337524414 3.21560788154602 3.16268348693848 3.09410333633423 3.04109621047974 3.0280065536499 3.06563282012939 3.08106851577759 3.14240002632141 3.30075216293335 3.55428457260132 3.76343059539795 -3.4e+38 -3.4e+38 -3.4e+38 -3.4e+38 -3.4e+38 -3.4e+38 -3.4e+38 -3.4e+38 -3.4e+38 -3.4e+38 -3.4e+38 -3.4e+38 -3.4e+38 -3.4e+38 -3.4e+38 -3.4e+38 -3.4e+38 -3.4e+38 -3.4e+38 -3.4e+38 -3.4e+38 -3.4e+38 -3.4e+38 -3.4e+38 -3.4e+38 -3.4e+38 -3.4e+38 -3.4e+38 -3.4e+38 -3.4e+38 -3.4e+38 -3.4e+38 -3.4e+38 -3.4e+38 -3.4e+38 -3.4e+38 -3.4e+38 -3.4e+38
3.97892808914185 3.91806435585022 3.87368535995483 3.83452224731445 3.7717981338501 3.72104024887085 3.66399598121643 3.6283917427063 3.66903400421143 3.6590793132782 3.67396235466003 3.76685357093811 3.91676139831543 4.07135343551636 -3.4e+38 -3.4e+38 -3.4e+38 -3.4e+38 -3.4e+38 -3.4e+38 -3.4e+38 -3.4e+38 -3.4e+38 -3.4e+38 -3.4e+38 -3.4e+38 -3.4e+38 -3.4e+38 -3.4e+38 -3.4e+38 -3.4e+38 -3.4e+38 -3.4e+38 -3.4e+38 -3.4e+38 -3.4e+38 -3.4e+38 -3.4e+38 -3.4e+38 -3.4e+38 -3.4e+38 -3.4e+38 -3.4e+38 -3.4e+38 -3.4e+38 -3.4e+38 -3.4e+38 -3.4e+38 -3.4e+38 -3.4e+38 -3.4e+38 -3.4e+38
4.71340179443359 4.66405820846558 4.58721017837524 4.50439262390137 4.46755218505859 4.42404937744141 4.39751672744751 4.35741949081421 4.31482219696045 4.28554010391235 4.26188993453979 4.28571462631226 4.35345888137817 4.44755887985229 4.56487894058228 -3.4e+38 -3.4e+38 -3.4e+38 -3.4e+38 -3.4e+38 -3.4e+38 -3.4e+38 -3.4e+38 -3.4e+38 -3.4e+38 -3.4e+38 -3.4e+38 -3.4e+38 -3.4e+38 -3.4e+38 -3.4e+38 -3.4e+38 8.27144050598145 8.4665060043335 8.68326473236084 8.82687664031982 -3.4e+38 8.90233516693115 8.86580562591553 8.78860759735107 -3.4e+38 -3.4e+38 -3.4e+38 -3.4e+38 -3.4e+38 -3.4e+38 -3.4e+38 -3.4e+38 -3.4e+38 -3.4e+38 -3.4e+38 -3.4e+38
5.24656057357788 5.23491096496582 5.20753049850464 5.17614459991455 5.14641380310059 5.11321210861206 5.08893632888794 5.0328311920166 4.96698522567749 4.93355703353882 4.92688751220703 4.91244649887085 4.90358591079712 4.90561532974243 4.9265341758728 4.97465372085571 5.06145524978638 -3.4e+38 -3.4e+38 -3.4e+38 -3.4e+38 -3.4e+38 -3.4e+38 -3.4e+38 -3.4e+38 -3.4e+38 -3.4e+38 7.38350057601929 7.52997875213623 7.73973512649536 7.98330402374268 8.27499771118164 8.53576564788818 8.76820755004883 8.96469306945801 9.10989284515381 9.2178783416748 9.29625797271729 9.35473823547363 9.39473342895508 9.40315723419189 -3.4e+38 -3.4e+38 -3.4e+38 -3.4e+38 -3.4e+38 -3.4e+38 -3.4e+38 -3.4e+38 -3.4e+38 -3.4e+38 -3.4e+38
5.61342716217041 5.64691686630249 5.6680793762207 5.68587112426758 5.70004463195801 5.70555830001831 5.68841123580933 5.65328931808472 5.59413433074951 5.54760551452637 5.55410289764404 5.56023550033569 5.5211501121521 5.48531198501587 5.49670124053955 5.51548862457275 5.55785417556763 5.62476301193237 5.69984722137451 5.77152919769287 5.81269645690918 5.80681943893433 -3.4e+38 -3.4e+38 -3.4e+38 1.84950077533722 0.590629279613495 6.01983547210693 7.76278924942017 7.98011350631714 8.22681999206543 8.48384094238281 8.70529460906982 8.88208389282227 9.03804206848145 9.18738651275635 9.33562850952148 9.48255157470703 9.61633205413818 9.7263822555542 9.81337451934814 9.88288688659668 9.95014953613281 -3.4e+38 -3.4e+38 -3.4e+38 -3.4e+38 -3.4e+38 -3.4e+38 -3.4e+38 -3.4e+38 -3.4e+38
5.90276432037354 5.96444034576416 6.01528120040894 6.0594539642334 6.09786128997803 6.12714910507202 6.14737319946289 6.15973567962646 6.16194772720337 6.17012739181519 6.1594181060791 6.11866140365601 6.08284997940063 6.06007289886475 6.04369401931763 6.02769327163696 6.0113353729248 6.01036643981934 6.02022838592529 -3.4e+38 -3.4e+38 -3.4e+38 -3.4e+38 7.58264589309692 7.63526439666748 7.68285179138184 7.72606325149536 7.81984710693359 7.98656129837036 8.1942253112793 8.40590286254883 8.59251022338867 8.75165748596191 8.89722537994385 9.04308605194092 9.20093536376953 9.36466789245605 9.53646087646484 9.70220470428467 9.85317134857178 9.98384761810303 10.091064453125 10.1721105575562 10.2451505661011 10.3056240081787 -3.4e+38 -3.4e+38 -3.4e+38 -3.4e+38 -3.4e+38 -3.4e+38 -3.4e+38
6.15200042724609 6.22519779205322 6.28993654251099 6.35048151016235 6.40315675735474 6.4495153427124 6.4901008605957 6.52691555023193 6.55741691589355 6.58169794082642 6.58508110046387 6.56355619430542 6.53568601608276 6.51208209991455 6.47887706756592 -3.4e+38 6.38850259780884 -3.4e+38 -3.4e+38 -3.4e+38 -3.4e+38 7.51931762695312 7.59216451644897 7.68669939041138 7.77689790725708 7.8561224937439 7.94447994232178 8.05452632904053 8.19417190551758 8.36270618438721 8.53704929351807 8.6895923614502 8.83413887023926 8.97886085510254 9.13086032867432 9.29614734649658 9.47086048126221 9.64748573303223 9.81643962860107 9.97570037841797 10.1228675842285 10.2548036575317 10.3611192703247 10.4338426589966 10.4704208374023 10.4393272399902 -3.4e+38 -3.4e+38 -3.4e+38 -3.4e+38 -3.4e+38 -3.4e+38
6.39132165908813 6.47205066680908 6.54566144943237 6.61278867721558 6.66938352584839 6.72022104263306 6.764732837677 6.80458784103394 6.83952379226685 6.86622142791748 6.87890720367432 6.8730001449585 6.83399677276611 6.7817645072937 -3.4e+38 -3.4e+38 -3.4e+38 7.12696313858032 7.3621973991394 7.51162815093994 7.61182975769043 7.69278573989868 7.77874946594238 7.88842010498047 7.9885368347168 8.07271766662598 8.16730213165283 8.28462505340576 8.42231273651123 8.56921863555908 8.71709060668945 8.86234664916992 9.00963973999023 9.159912109375 9.31849956512451 9.48303127288818 9.65279865264893 9.82628917694092 9.99555397033691 10.1580247879028 10.3112897872925 10.4472627639771 10.5609397888184 10.6413631439209 10.6767911911011 10.6579895019531 10.4903945922852 10.338529586792 10.3373432159424 -3.4e+38 -3.4e+38 -3.4e+38
6.64869689941406 6.73029899597168 6.80199718475342 6.86541271209717 6.92231750488281 6.9765419960022 7.01180410385132 7.03649187088013 7.0584831237793 7.05941581726074 7.02133178710938 -3.4e+38 -3.4e+38 -3.4e+38 -3.4e+38 7.25740671157837 7.38908100128174 7.52750778198242 7.64736890792847 7.76942873001099 7.88458442687988 7.9814076423645 8.07197570800781 8.16209602355957 8.25131797790527 8.34430885314941 8.45004940032959 8.57084369659424 8.69864463806152 8.83417320251465 8.97533702850342 9.11982345581055 9.26774597167969 9.41722011566162 9.5711612701416 9.73010063171387 9.8941593170166 10.0593023300171 10.2247047424316 10.386040687561 10.5391616821289 10.6816320419312 10.8038177490234 10.8974933624268 10.9522151947021 10.9558019638062 10.9065055847168 10.8405780792236 10.870044708252 -3.4e+38 -3.4e+38 -3.4e+38
6.92733335494995 7.00580883026123 7.06978368759155 7.104811668396 7.14199161529541 7.19694089889526 7.212815284729 7.11698389053345 7.17302989959717 7.19828033447266 -3.4e+38 -3.4e+38 7.28875780105591 7.39871692657471 7.52327966690063 7.6454005241394 7.76371812820435 7.87037372589111 7.96629524230957 8.06747245788574 8.17830657958984 8.276291847229 8.36945724487305 8.46299743652344 8.56129550933838 8.66613864898682 8.77766418457031 8.89651489257812 9.01662445068359 9.1477575302124 9.28648853302002 9.42898464202881 9.57335090637207 9.71895503997803 9.86480045318604 10.0129098892212 10.1734199523926 10.3330984115601 10.4917221069336 10.6476802825928 10.7984495162964 10.9443264007568 11.0728950500488 11.1762704849243 11.2495517730713 11.2872848510742 11.2913579940796 11.265570640564 11.1695032119751 10.9941320419312 11.0870981216431 -3.4e+38
7.21453905105591 7.26885175704956 7.33867454528809 7.38333034515381 7.41488933563232 7.46039915084839 7.50645112991333 7.52473783493042 7.55735349655151 7.59266185760498 7.6315746307373 7.67248153686523 7.72340250015259 7.80030250549316 7.90443754196167 8.01159572601318 8.11060237884521 8.20468330383301 8.29685974121094 8.38997459411621 8.48553562164307 8.58233451843262 8.67898082733154 8.78338241577148 8.89165210723877 9.0025691986084 9.11605930328369 9.23222160339355 9.35143089294434 9.48707294464111 9.62771129608154 9.7673807144165 9.9060115814209 10.046293258667 10.1880836486816 10.3295869827271 10.4826059341431 10.6302642822266 10.7808752059937 10.9325304031372 11.0811052322388 11.2230043411255 11.354567527771 11.4725008010864 11.5615196228027 11.6177530288696 11.6546421051025 11.6645250320435 11.6135206222534 11.508602142334 11.456356048584 -3.4e+38
7.55545663833618 7.60667181015015 7.65769386291504 7.70697832107544 7.75293350219727 7.79343366622925 7.82922220230103 7.86530351638794 7.90656661987305 7.94953393936157 7.99456691741943 8.04642295837402 8.11213493347168 8.1947193145752 8.28976440429688 8.38550662994385 8.47342395782471 8.55894470214844 8.64909839630127 8.74218845367432 8.83822727203369 8.93785858154297 9.03891944885254 9.14374828338623 9.25204944610596 9.36127376556396 9.47383308410645 9.59212875366211 9.71685314178467 9.84566974639893 9.98092842102051 10.1166706085205 10.2508316040039 10.3844032287598 10.5191736221313 10.6577196121216 10.8023653030396 10.9467458724976 11.0920104980469 11.2389888763428 11.3882131576538 11.5317668914795 11.6659717559814 11.7866992950439 11.8861122131348 11.9564743041992 11.9971046447754 12.0076417922974 11.9792051315308 11.915433883667 11.8365564346313 -3.4e+38
7.83880472183228 7.8975977897644 7.95533990859985 8.00768947601318 8.0539722442627 8.09851264953613 8.1453857421875 8.19876670837402 8.25996589660645 8.3234806060791 8.38462448120117 8.44873809814453 8.52435207366943 8.60838794708252 8.6964807510376 8.78787040710449 8.87662029266357 8.95976543426514 9.04724884033203 9.14138889312744 9.24063777923584 9.34057235717773 9.43805885314941 9.53588008880615 9.64425563812256 9.75608921051025 9.87135887145996 9.98951816558838 10.1102237701416 10.2332973480225 10.3574085235596 10.4773006439209 10.6105003356934 10.7437286376953 10.8758792877197 11.0113039016724 11.1487255096436 11.2855644226074 11.4262561798096 11.5748615264893 11.7231016159058 11.8631811141968 11.996392250061 12.117395401001 12.2202987670898 12.2987766265869 12.3472518920898 12.358380317688 12.3335857391357 12.2673406600952 12.189076423645 12.2239208221436
8.12651920318604 8.19863128662109 8.26851940155029 8.33536148071289 8.39152050018311 8.44975185394287 8.51353454589844 8.58298301696777 8.65669059753418 8.73183917999268 8.80533504486084 8.8800106048584 8.96215629577637 9.04930686950684 9.14105415344238 9.23323154449463 9.31927394866943 9.40066909790039 9.48910522460938 9.57902526855469 9.67470073699951 9.77322101593018 9.87038135528564 9.96818923950195 10.0716953277588 10.1798877716064 10.2925777435303 10.4090852737427 10.5256280899048 10.6451034545898 10.7668581008911 10.8866214752197 11.0059995651245 11.1350269317627 11.2579145431519 11.3897457122803 11.5248584747314 11.6584224700928 11.7928628921509 11.933141708374 12.0733232498169 12.2086582183838 12.3428993225098 12.4690322875977 12.581166267395 12.6702823638916 12.7274713516235 12.7476186752319 12.7328062057495 12.6843872070312 12.619044303894 12.5930643081665
8.4867639541626 8.57096862792969 8.65211009979248 8.72715187072754 8.79446029663086 8.86299133300781 8.94033241271973 9.02108573913574 9.10482788085938 9.18935203552246 9.27199840545654 9.35680103302002 9.43809986114502 9.52716445922852 9.61780643463135 9.70524024963379 9.78927516937256 9.87246036529541 9.95671558380127 10.0467376708984 10.1374244689941 10.2316188812256 10.3289604187012 10.4262094497681 10.522421836853 10.6211013793945 10.7227621078491 10.8385791778564 10.9566860198975 11.0790567398071 11.2018928527832 11.3196659088135 11.4323530197144 11.5483102798462 11.6620502471924 11.7900390625 11.9220085144043 12.0515022277832 12.1802759170532 12.3125476837158 12.4483604431152 12.5824012756348 12.7151346206665 12.8448152542114 12.9656476974487 13.0622282028198 13.1286487579346 13.1620006561279 13.1618232727051 13.1308870315552 13.0734167098999 13.0189170837402
8.94328212738037 9.03189754486084 9.11651134490967 9.1983118057251 9.28420257568359 9.36427974700928 9.44958782196045 9.53547954559326 9.62046051025391 9.70362758636475 9.78466701507568 9.86680221557617 9.94984912872314 10.0363321304321 10.1233501434326 10.2105321884155 10.2967567443848 10.3819017410278 10.4641075134277 10.5504846572876 10.6354970932007 10.7193803787231 10.8093595504761 10.9033184051514 10.9983243942261 11.0960655212402 11.2021055221558 11.3082838058472 11.4197082519531 11.5345973968506 11.650616645813 11.7635869979858 11.8763389587402 11.9932765960693 12.1091346740723 12.2275543212891 12.3504333496094 12.4722032546997 12.5960149765015 12.7249002456665 12.8591442108154 12.9907007217407 13.118016242981 13.2501316070557 13.371768951416 13.469428062439 13.5415468215942 13.5825748443604 13.5920076370239 13.5702648162842 13.5184965133667 13.4498987197876
9.53171539306641 9.61911582946777 9.70524978637695 9.79022884368896 9.87418746948242 9.95082378387451 10.0304346084595 10.1095504760742 10.1885261535645 10.2664499282837 10.3442049026489 10.4263782501221 10.5099744796753 10.5992240905762 10.6811666488647 10.7622337341309 10.8433790206909 10.9231719970703 11.0032796859741 11.0884761810303 11.169075012207 11.2421026229858 11.3290319442749 11.421986579895 11.515417098999 11.6092844009399 11.7063512802124 11.8061094284058 11.9134588241577 12.0183944702148 12.1294116973877 12.2430257797241 12.3564195632935 12.4707899093628 12.5857238769531 12.6989107131958 12.8119592666626 12.9321956634521 13.0563116073608 13.1850919723511 13.3117055892944 13.4346265792847 13.5552759170532 13.6742963790894 13.7884426116943 13.8775320053101 13.9488668441772 13.9928665161133 14.0051050186157 13.9802122116089 13.9198741912842 13.8401250839233
10.2590055465698 10.3254480361938 10.3932590484619 10.464882850647 10.5373497009277 10.6045522689819 10.675368309021 10.7491035461426 10.8231401443481 10.8975248336792 10.9716567993164 11.045711517334 11.1214780807495 11.1973066329956 11.2691268920898 11.3421936035156 11.4192142486572 11.4966077804565 11.5758113861084 11.6592226028442 11.7408638000488 11.8192749023438 11.8947134017944 11.9783964157104 12.0657958984375 12.1568288803101 12.2506542205811 12.346209526062 12.4452333450317 12.5514945983887 12.6557025909424 12.7609891891479 12.8699111938477 12.9798345565796 13.0894136428833 13.198691368103 13.3089008331299 13.4295654296875 13.5471200942993 13.6682147979736 13.7870979309082 13.9009704589844 14.0087413787842 14.1105308532715 14.2077417373657 14.2932262420654 14.3529348373413 14.3875408172607 14.3928098678589 14.3535299301147 14.2721586227417 14.1653232574463
