AnalysisFolder/EnvironmentalData/Future/rcp8_5/2055/tavg.asc
NCOLS 360 
NROWS 90 
XLLCORNER -180 
YLLCORNER 0 
CELLSIZE 1 
NODATA_value -3.4e+38 
[rows 0 to 22 of 90, columns 52 to 103 of 360]
-1.72391355037689 -1.72395753860474 -1.72400164604187 -1.72404551506042 -1.72408950328827 -1.72413337230682 -1.72417736053467 -1.72422122955322 -1.72426497936249 -1.72430884838104 -1.72435259819031 -1.72439634799957 -1.72444009780884 -1.72448372840881 -1.72452735900879 -1.72457098960876 -1.72461462020874 -1.72465825080872 -1.7247017621994 -1.72474527359009 -1.72478878498077 -1.72483229637146 -1.72487568855286 -1.72491908073425 -1.72496247291565 -1.72500586509705 -1.72504913806915 -1.72509253025055 -1.72513580322266 -1.72517895698547 -1.72522222995758 -1.7252653837204 -1.72530853748322 -1.72535169124603 -1.72537338733673 -1.7253760099411 -1.72537803649902 -1.7253794670105 -1.72537696361542 -1.72537291049957 -1.72536873817444 -1.72536444664001 -1.72535991668701 -1.72535514831543 -1.72535026073456 -1.7253452539444 -1.72534000873566 -1.72533452510834 -1.72532892227173 -1.72532320022583 -1.72531723976135 -1.7253110408783
-1.72866797447205 -1.7287974357605 -1.72892725467682 -1.72905719280243 -1.72918736934662 -1.72931778430939 -1.72944843769073 -1.72957932949066 -1.72971045970917 -1.72984182834625 -1.72997343540192 -1.73010528087616 -1.73023736476898 -1.73036968708038 -1.73048210144043 -1.73058724403381 -1.73069071769714 -1.73079216480255 -1.73089194297791 -1.73098981380463 -1.73108601570129 -1.73118031024933 -1.73127293586731 -1.73136377334595 -1.73145282268524 -1.73154020309448 -1.73162591457367 -1.73170983791351 -1.73179221153259 -1.73187220096588 -1.73194670677185 -1.73201930522919 -1.73209011554718 -1.73215913772583 -1.73222637176514 -1.73229193687439 -1.7323557138443 -1.73241770267487 -1.73247814178467 -1.73251509666443 -1.73254787921906 -1.73257851600647 -1.73260354995728 -1.73262202739716 -1.73263847827911 -1.73265290260315 -1.73266518115997 -1.73267543315887 -1.73268353939056 -1.73268961906433 -1.73268961906433 -1.73268294334412
-1.7319244146347 -1.73215568065643 -1.73238778114319 -1.73262059688568 -1.73285436630249 -1.73308897018433 -1.73332440853119 -1.73356080055237 -1.73379802703857 -1.7340362071991 -1.73427534103394 -1.73450720310211 -1.73472368717194 -1.73493885993958 -1.73515260219574 -1.73536503314972 -1.73557603359222 -1.73578560352325 -1.7359938621521 -1.73620057106018 -1.73640596866608 -1.7366099357605 -1.73681247234344 -1.73701369762421 -1.7372133731842 -1.73739910125732 -1.73756611347198 -1.73773050308228 -1.73789060115814 -1.73804223537445 -1.73819100856781 -1.73833703994751 -1.73848044872284 -1.73862111568451 -1.73875904083252 -1.73889422416687 -1.73902678489685 -1.73915183544159 -1.73926985263824 -1.73938536643982 -1.73948872089386 -1.73956978321075 -1.73964810371399 -1.73972284793854 -1.73978161811829 -1.73983800411224 -1.73989188671112 -1.73994326591492 -1.73999226093292 -1.74002456665039 -1.74005317687988 -1.74007952213287
-1.7339038848877 -1.73428726196289 -1.73463439941406 -1.73498332500458 -1.73533415794373 -1.73568689823151 -1.73604166507721 -1.73639833927155 -1.7367570400238 -1.73711776733398 -1.73748075962067 -1.73783898353577 -1.73816359043121 -1.73848748207092 -1.73881089687347 -1.73913383483887 -1.73945605754852 -1.73977780342102 -1.74009895324707 -1.74041950702667 -1.74073946475983 -1.74104177951813 -1.74131166934967 -1.74157929420471 -1.74184453487396 -1.742107629776 -1.74236834049225 -1.74262678623199 -1.74288296699524 -1.74313628673553 -1.74338519573212 -1.74360859394073 -1.74378752708435 -1.74396693706512 -1.74414670467377 -1.74432718753815 -1.74450695514679 -1.74468219280243 -1.74485695362091 -1.74503135681152 -1.74520540237427 -1.74537897109985 -1.74553430080414 -1.74567031860352 -1.74580156803131 -1.74592804908752 -1.74604320526123 -1.74614655971527 -1.74624574184418 -1.74634075164795 -1.74642360210419 -1.74649846553802
-1.73505842685699 -1.73557758331299 -1.73610317707062 -1.73663532733917 -1.73717403411865 -1.73766219615936 -1.73813605308533 -1.7386132478714 -1.739093542099 -1.739577293396 -1.7400643825531 -1.7405549287796 -1.74104762077332 -1.74147593975067 -1.74190509319305 -1.74233484268188 -1.74276542663574 -1.74319684505463 -1.74362897872925 -1.7440619468689 -1.7444680929184 -1.74483585357666 -1.74520218372345 -1.74556732177734 -1.74593114852905 -1.74629354476929 -1.74665474891663 -1.7470144033432 -1.74730622768402 -1.74758291244507 -1.74785935878754 -1.74813556671143 -1.74840342998505 -1.7486674785614 -1.74892890453339 -1.74918508529663 -1.7493851184845 -1.74957549571991 -1.7497524023056 -1.74992036819458 -1.75008475780487 -1.75024545192719 -1.75040245056152 -1.75056278705597 -1.75090301036835 -1.75124871730804 -1.75157356262207 -1.75187814235687 -1.75215554237366 -1.75240540504456 -1.75262558460236 -1.75281596183777
-1.73484444618225 -1.7355443239212 -1.73618602752686 -1.73683512210846 -1.73749279975891 -1.73816049098969 -1.73883879184723 -1.73952805995941 -1.74015069007874 -1.74075937271118 -1.74137401580811 -1.74199521541595 -1.74262309074402 -1.74325811862946 -1.74385690689087 -1.74440360069275 -1.744952917099 -1.7455050945282 -1.74606001377106 -1.74661791324615 -1.74716579914093 -1.74766707420349 -1.74816858768463 -1.74866998195648 -1.74917161464691 -1.74967324733734 -1.75016820430756 -1.75054562091827 -1.75091862678528 -1.75128722190857 -1.75165128707886 -1.75201082229614 -1.75236558914185 -1.75291693210602 -1.75348472595215 -1.75403869152069 -1.75457060337067 -1.75508296489716 -1.75557553768158 -1.7561753988266 -1.75684905052185 -1.75749504566193 -1.75811493396759 -1.75871193408966 -1.75928592681885 -1.75984847545624 -1.76059556007385 -1.76128923892975 -1.76190447807312 -1.76243793964386 -1.76289820671082 -1.76319682598114
-1.73254680633545 -1.7334178686142 -1.73430681228638 -1.73521423339844 -1.7361387014389 -1.7370126247406 -1.73784840106964 -1.73870050907135 -1.73956942558289 -1.74045467376709 -1.74135863780975 -1.74215126037598 -1.74295663833618 -1.74377632141113 -1.74461090564728 -1.74546086788177 -1.74625682830811 -1.74701738357544 -1.74778938293457 -1.74857330322266 -1.74936950206757 -1.75015461444855 -1.750896692276 -1.75164437294006 -1.75239765644073 -1.75315749645233 -1.75390923023224 -1.75454556941986 -1.7551816701889 -1.75581741333008 -1.75645291805267 -1.7570880651474 -1.75775814056396 -1.75843191146851 -1.75910866260529 -1.75978851318359 -1.76047170162201 -1.76131963729858 -1.76222085952759 -1.76312983036041 -1.76404571533203 -1.76496636867523 -1.76584339141846 -1.76669120788574 -1.76756548881531 -1.76837730407715 -1.76917159557343 -1.76988160610199 -1.7700674533844 -1.77044832706451 -1.77099466323853 -1.77157855033875
-1.72896099090576 -1.73014891147614 -1.73136985301971 -1.73260867595673 -1.73371064662933 -1.73483324050903 -1.73598396778107 -1.73716509342194 -1.73835694789886 -1.73943376541138 -1.74052631855011 -1.74163973331451 -1.7427750825882 -1.74390137195587 -1.74496364593506 -1.74604725837708 -1.74715423583984 -1.74828588962555 -1.74944710731506 -1.75063371658325 -1.75184369087219 -1.7530802488327 -1.7543443441391 -1.75537133216858 -1.75640761852264 -1.75745463371277 -1.75850749015808 -1.75939667224884 -1.76010751724243 -1.76081967353821 -1.76153349876404 -1.76223564147949 -1.76257908344269 -1.76292324066162 -1.76326787471771 -1.76361310482025 -1.76421320438385 -1.76498317718506 -1.76576066017151 -1.76654601097107 -3.4e+38 -1.36326134204865 -1.16819536685944 -1.11360788345337 -1.20400452613831 -3.4e+38 -3.4e+38 -3.4e+38 -3.4e+38 -3.4e+38 -3.4e+38 -3.4e+38
-1.72398149967194 -1.72552490234375 -1.72710967063904 -1.72853028774261 -1.72997391223907 -1.73144972324371 -1.73295998573303 -1.73444068431854 -1.73582136631012 -1.73725306987762 -1.73874497413635 -1.74030148983002 -1.74166548252106 -1.74304616451263 -1.74447023868561 -1.74594748020172 -1.74739372730255 -1.74882483482361 -1.75028896331787 -1.75178897380829 -1.75329113006592 -1.75478076934814 -1.75628614425659 -1.75780308246613 -1.75917363166809 -1.76029002666473 -1.76139080524445 -1.76247107982635 -1.76337361335754 -1.76408684253693 -1.76481831073761 -1.76556885242462 -1.76616299152374 -1.76656854152679 -1.76698958873749 -1.76742696762085 -3.4e+38 -3.4e+38 -3.4e+38 -3.4e+38 -3.4e+38 -3.4e+38 -3.4e+38 -3.4e+38 -3.4e+38 -3.4e+38 -3.4e+38 -3.4e+38 -3.4e+38 -3.4e+38 -3.4e+38 -3.4e+38
-1.71632361412048 -1.71819150447845 -1.72006118297577 -1.72173368930817 -1.72341632843018 -1.72513866424561 -1.72696280479431 -1.7287929058075 -1.73081743717194 -1.73298978805542 -1.73527598381042 -1.73745930194855 -1.73959076404572 -1.74178624153137 -1.74407780170441 -1.74613010883331 -1.7481894493103 -1.75027370452881 -1.75234079360962 -1.75388669967651 -1.7553596496582 -1.75678014755249 -1.75803577899933 -1.75879549980164 -1.7593594789505 -1.75971710681915 -1.75999367237091 -1.760209441185 -1.7601922750473 -1.75992655754089 -3.4e+38 -3.4e+38 -3.4e+38 -3.4e+38 -3.4e+38 -3.4e+38 -3.4e+38 -3.4e+38 -3.4e+38 -3.4e+38 -3.4e+38 -3.4e+38 -3.4e+38 -3.4e+38 -3.4e+38 -3.4e+38 -3.4e+38 -3.4e+38 -3.4e+38 -3.4e+38 -3.4e+38 -3.4e+38
-1.70555365085602 -1.70785522460938 -1.71019244194031 -1.71236824989319 -1.71470427513123 -1.71725416183472 -1.71997392177582 -1.72299575805664 -1.72621607780457 -1.72985339164734 -1.73355329036713 -1.73697698116302 -1.74051856994629 -1.74420845508575 -1.74758982658386 -1.7502828836441 -1.75298702716827 -1.75547420978546 -1.75725054740906 -1.75875377655029 -1.76007997989655 -1.76116859912872 -1.76182055473328 -1.76227390766144 -1.76251673698425 -1.75992393493652 -1.75561237335205 -1.74941384792328 -1.7437459230423 -1.73850309848785 -1.7336630821228 -3.4e+38 -3.4e+38 -3.4e+38 -3.4e+38 -3.4e+38 -3.4e+38 -3.4e+38 -3.4e+38 -3.4e+38 -3.4e+38 -3.4e+38 -3.4e+38 -3.4e+38 -3.4e+38 -3.4e+38 -3.4e+38 -3.4e+38 -3.4e+38 -3.4e+38 -3.4e+38 -3.4e+38
-1.69205367565155 -1.69546318054199 -1.69914615154266 -1.70265913009644 -1.70646274089813 -1.71057999134064 -1.71537959575653 -1.72033584117889 -1.72586941719055 -1.73155891895294 -1.73734998703003 -1.74272644519806 -1.74755442142487 -1.75179576873779 -1.65771818161011 -1.11216127872467 -3.4e+38 -3.4e+38 -3.4e+38 -3.4e+38 -1.76588356494904 -1.76712477207184 -3.4e+38 -3.4e+38 -3.4e+38 -3.4e+38 -3.4e+38 -3.4e+38 -3.4e+38 -3.4e+38 -3.4e+38 -3.4e+38 -3.4e+38 -3.4e+38 -3.4e+38 -3.4e+38 -3.4e+38 -3.4e+38 -3.4e+38 -3.4e+38 -3.4e+38 -3.4e+38 -3.4e+38 -3.4e+38 -3.4e+38 -3.4e+38 -3.4e+38 -3.4e+38 -3.4e+38 -3.4e+38 -3.4e+38 -3.4e+38
-1.67656052112579 -1.68297922611237 -1.69003808498383 -1.69873261451721 -1.70626747608185 -1.71480453014374 -1.72359549999237 -1.73184108734131 -1.7376983165741 -1.74309146404266 -3.4e+38 -3.4e+38 -3.4e+38 -3.4e+38 -3.4e+38 -3.4e+38 -3.4e+38 -3.4e+38 -3.4e+38 -1.76165509223938 -1.7646027803421 -1.76444244384766 -1.7640985250473 -1.76366996765137 -1.76282918453217 -1.76219379901886 -1.76173174381256 -1.76150751113892 -1.76223373413086 -1.76370394229889 -1.1820068359375 -1.13566982746124 -3.4e+38 -1.79370439052582 -1.79561364650726 -1.79720675945282 -1.79793334007263 -1.21485865116119 -3.4e+38 -3.4e+38 -3.4e+38 -3.4e+38 -3.4e+38 -3.4e+38 -3.4e+38 -3.4e+38 -3.4e+38 -3.4e+38 -3.4e+38 -3.4e+38 -3.4e+38 -1.60201096534729
-1.64906179904938 -1.65807199478149 -1.66749143600464 -1.68053019046783 -1.69739902019501 -3.4e+38 -3.4e+38 -3.4e+38 -3.4e+38 -3.4e+38 -3.4e+38 -3.4e+38 -0.652330577373505 -3.4e+38 -1.72042167186737 -1.72620713710785 -1.73221242427826 -0.905123472213745 -3.4e+38 -3.4e+38 -3.4e+38 -1.76323878765106 -1.76347887516022 -1.76401543617249 -1.06989943981171 -3.4e+38 -3.4e+38 -3.4e+38 -3.4e+38 -3.4e+38 -3.4e+38 -3.4e+38 -3.4e+38 -3.4e+38 -3.4e+38 -3.4e+38 -3.4e+38 -3.4e+38 -3.4e+38 -3.4e+38 -3.4e+38 -3.4e+38 -3.4e+38 -3.4e+38 -3.4e+38 -3.4e+38 -3.4e+38 -3.4e+38 -3.4e+38 -3.4e+38 -3.4e+38 -1.30042791366577
-1.56365716457367 -1.55812299251556 -1.54234409332275 -1.51788258552551 -1.48997855186462 -3.4e+38 -1.42758917808533 -1.41097831726074 -1.40486299991608 -1.32666730880737 -0.749047636985779 -3.4e+38 -3.4e+38 -3.4e+38 -3.4e+38 -3.4e+38 -3.4e+38 -3.4e+38 -3.4e+38 -3.4e+38 -3.4e+38 -3.4e+38 -3.4e+38 -0.196434155106544 -3.4e+38 -3.4e+38 -3.4e+38 -3.4e+38 -3.4e+38 -3.4e+38 -3.4e+38 -0.0822298005223274 -3.4e+38 -3.4e+38 -3.4e+38 -3.4e+38 -3.4e+38 -3.4e+38 -3.4e+38 -3.4e+38 -3.4e+38 -3.4e+38 -3.4e+38 -3.4e+38 -3.4e+38 -3.4e+38 -3.4e+38 -3.4e+38 -3.4e+38 -3.4e+38 -1.03791499137878 -1.03181636333466
-1.35335385799408 -1.33181142807007 -1.33294820785522 -0.741253316402435 -3.4e+38 -3.4e+38 -3.4e+38 -0.375304758548737 -0.786805391311646 -3.4e+38 -1.33285844326019 -1.32488596439362 -1.32010781764984 -3.4e+38 -3.4e+38 -3.4e+38 -3.4e+38 -3.4e+38 -1.36344540119171 -1.38043642044067 -1.39808464050293 -1.41408121585846 -1.4259033203125 -1.43516480922699 -1.44201028347015 -1.44831883907318 -1.45581817626953 -1.46487867832184 -1.47203838825226 -1.47997868061066 -1.48833811283112 -1.49722397327423 -1.50532245635986 -1.51524531841278 -1.52452337741852 -1.09003269672394 -0.0850161537528038 -3.4e+38 -3.4e+38 -3.4e+38 -3.4e+38 -3.4e+38 -3.4e+38 -3.4e+38 -3.4e+38 -3.4e+38 -3.4e+38 -3.4e+38 -0.931761682033539 -0.863388657569885 -0.861015141010284 -0.840112507343292
-0.94509083032608 -0.867049753665924 -0.813922345638275 -3.4e+38 -3.4e+38 -3.4e+38 -3.4e+38 -3.4e+38 -3.4e+38 -3.4e+38 -3.4e+38 -3.4e+38 -3.4e+38 -3.4e+38 -1.2782506942749 -1.28779423236847 -1.29837548732758 -1.30891811847687 -1.32245147228241 -1.33942258358002 -0.906943798065186 -3.4e+38 -3.4e+38 -3.4e+38 -1.36150431632996 -1.376589179039 -1.06706428527832 -3.4e+38 -3.4e+38 -3.4e+38 -3.4e+38 -3.4e+38 -3.4e+38 -3.4e+38 -3.4e+38 -3.4e+38 -3.4e+38 -3.4e+38 -1.39796984195709 -1.04851162433624 -3.4e+38 -3.4e+38 -3.4e+38 -0.185102969408035 -3.4e+38 -3.4e+38 -3.4e+38 -3.4e+38 -3.4e+38 -3.4e+38 -3.4e+38 -3.4e+38
-0.464322149753571 -0.384663462638855 -3.4e+38 -3.4e+38 -3.4e+38 -3.4e+38 -3.4e+38 -3.4e+38 -3.4e+38 -3.4e+38 -3.4e+38 -3.4e+38 -3.4e+38 -3.4e+38 -3.4e+38 -3.4e+38 -3.4e+38 -3.4e+38 -3.4e+38 -3.4e+38 -3.4e+38 -3.4e+38 -3.4e+38 -3.4e+38 -1.06771206855774 -3.4e+38 -3.4e+38 -3.4e+38 -3.4e+38 -3.4e+38 -3.4e+38 -3.4e+38 -3.4e+38 -3.4e+38 -3.4e+38 -3.4e+38 -1.25728011131287 -3.4e+38 -3.4e+38 -3.4e+38 -3.4e+38 -3.4e+38 -3.4e+38 -3.4e+38 -3.4e+38 -3.4e+38 -3.4e+38 -3.4e+38 -3.4e+38 -3.4e+38 -3.4e+38 -3.4e+38
-0.0280396454036236 0.0268258936703205 0.0714896991848946 -3.4e+38 -3.4e+38 -3.4e+38 -3.4e+38 -3.4e+38 -3.4e+38 -3.4e+38 -3.4e+38 -3.4e+38 -3.4e+38 -3.4e+38 -3.4e+38 -3.4e+38 -3.4e+38 -3.4e+38 -3.4e+38 -3.4e+38 -3.4e+38 -3.4e+38 -3.4e+38 -3.4e+38 -3.4e+38 -1.03869366645813 -1.02236425876617 -1.00900411605835 -3.4e+38 -3.4e+38 -3.4e+38 -3.4e+38 -3.4e+38 -3.4e+38 -3.4e+38 -1.16752207279205 -1.14517951011658 -1.13128530979156 -3.4e+38 -3.4e+38 -3.4e+38 -3.4e+38 -3.4e+38 -3.4e+38 -3.4e+38 -3.4e+38 -3.4e+38 -3.4e+38 -3.4e+38 -3.4e+38 -3.4e+38 -3.4e+38
0.148010239005089 0.169510886073112 0.238156035542488 0.215153694152832 0.15694671869278 0.103319652378559 0.0628335326910019 0.0368264317512512 0.02779920399189 0.029712188988924 0.034612163901329 0.0207818057388067 0.000142058925121091 -3.4e+38 -3.4e+38 -3.4e+38 -3.4e+38 -3.4e+38 -3.4e+38 -3.4e+38 -3.4e+38 -3.4e+38 -3.4e+38 -3.4e+38 -3.4e+38 -3.4e+38 -3.4e+38 -0.941745519638062 -0.919922471046448 -0.919547379016876 -0.92357325553894 -3.4e+38 -3.4e+38 -3.4e+38 -3.4e+38 -3.4e+38 -3.4e+38 -0.991397976875305 -0.978495717048645 -3.4e+38 -3.4e+38 -3.4e+38 -3.4e+38 -3.4e+38 -3.4e+38 -3.4e+38 -3.4e+38 -3.4e+38 -3.4e+38 -3.4e+38 -3.4e+38 -3.4e+38
-3.4e+38 -3.4e+38 -3.4e+38 -3.4e+38 -3.4e+38 -3.4e+38 -3.4e+38 -3.4e+38 0.149882525205612 0.155989646911621 0.169184595346451 -3.4e+38 -3.4e+38 -3.4e+38 -3.4e+38 -3.4e+38 -3.4e+38 -3.4e+38 -3.4e+38 -3.4e+38 -3.4e+38 -3.4e+38 -3.4e+38 -3.4e+38 -3.4e+38 -3.4e+38 -3.4e+38 -0.664234399795532 -0.668057203292847 -3.4e+38 -3.4e+38 -3.4e+38 -3.4e+38 -3.4e+38 -3.4e+38 -3.4e+38 -3.4e+38 -3.4e+38 -0.924780905246735 -0.923756122589111 -0.934777498245239 -0.956414997577667 -3.4e+38 -3.4e+38 -3.4e+38 -3.4e+38 -0.0296202041208744 -0.341436266899109 -3.4e+38 -0.369017452001572 -3.4e+38 -3.4e+38
-3.4e+38 -3.4e+38 -3.4e+38 -3.4e+38 -3.4e+38 -3.4e+38 -3.4e+38 -3.4e+38 -3.4e+38 -3.4e+38 -3.4e+38 -3.4e+38 -3.4e+38 -3.4e+38 -3.4e+38 -3.4e+38 -3.4e+38 -3.4e+38 -3.4e+38 -3.4e+38 -3.4e+38 -3.4e+38 -3.4e+38 -3.4e+38 -3.4e+38 -0.460081785917282 -0.48701199889183 -0.507788121700287 -0.513217031955719 -0.214150741696358 -3.4e+38 -3.4e+38 -3.4e+38 -3.4e+38 -3.4e+38 -3.4e+38 -3.4e+38 -3.4e+38 -3.4e+38 -3.4e+38 -0.88153600692749 -0.745161116123199 -3.4e+38 -3.4e+38 -3.4e+38 -3.4e+38 -3.4e+38 -0.319886207580566 -0.315233081579208 -0.30616420507431 -0.308121591806412 -0.0890027210116386
-3.4e+38 -3.4e+38 -3.4e+38 -3.4e+38 -3.4e+38 -3.4e+38 -3.4e+38 -3.4e+38 -3.4e+38 -3.4e+38 -3.4e+38 -3.4e+38 -3.4e+38 -3.4e+38 -3.4e+38 -3.4e+38 -3.4e+38 -3.4e+38 -3.4e+38 -3.4e+38 -3.4e+38 -3.4e+38 -3.4e+38 -3.4e+38 -3.4e+38 -3.4e+38 -3.4e+38 -3.4e+38 -3.4e+38 -3.4e+38 -3.4e+38 -3.4e+38 -3.4e+38 -3.4e+38 -3.4e+38 -3.4e+38 -3.4e+38 -3.4e+38 -3.4e+38 -3.4e+38 -3.4e+38 -3.4e+38 -3.4e+38 -3.4e+38 -3.4e+38 -3.4e+38 -3.4e+38 -0.276729643344879 -0.284504354000092 -0.271755397319794 -3.4e+38 -3.4e+38
